-3.545088644693976
-3.6337651474331842
-3.7061107143317322
-3.693632922162976
-3.6484661550370006
-3.6589622626790996
-3.5997339655853122
-3.5753400113143083
-3.585318476886653
-3.635583229308409
-3.701851690886195
-3.7064939093611082
-3.6250616453779028
-3.661715645729569
-3.598669052027917
-3.692343142520038
-3.786944071708204
-3.7586056624604
-3.7193512822304298
-3.724702656723327
-3.741706722966198
-3.7466206607622206
-3.634692426232802
-3.5080971479234933
-3.4929517839220456
-3.517809377839351
-3.5310957307959
-3.569493033522302
-3.601450863956544
-3.575658660052988
-3.6021240104892716
-3.640613620850052
-3.6450258604901777
-3.6547478699833444
-3.6401297702632323
-3.636853634849928
-3.640198025683922
-3.6428206049225653
-3.652294121228024
-3.5963985836428645
-3.54483446070542
-3.5630325479855522
-3.63591849965314
-3.6391607014470475
-3.627985127399591
-3.622258162604579
-3.6066332544222472
-3.607346955877244
-3.6238735596837697
-3.6353907243954056
-3.6163688660220346
-3.6020613346358523
-3.595095739934695
-3.585435796630369
-3.592424719257249
-3.605003125596097
-3.611425468166887
-3.619727031675371
-3.6161190701814285
-3.6396852908737762
-3.649205829213591
-3.6406922860646724
-3.6382913521358997
-3.628582541973991
-3.622038095541392
-3.620062483399037
-3.6221436854305984
-3.614493290403422
-3.61558745268713
-3.614848542960501
-3.6098515340676722
-3.62605308331906
-3.6522927311880093
-3.6557438819241757
-3.6093187482066567
-3.608973489466042
-3.6228756980421166
-3.6154135098384086
-3.6150097665468657
-3.6102213789662443
-3.610446395701941
-3.591189803222838
-3.5964807587939296
-3.598803813136493
-3.5833975514176624
-3.5856681125659735
-3.5944595423764785
-3.5874261843687587
-3.569706375450596
-3.5656113556406592
-3.576470301914142
-3.5880470029880227
-3.584094113771739
-3.5733926248007015
-3.5655995648860754
-3.572270470990254
-3.5725180551429747
-3.575705728860821
-3.5573047784537395
-3.52321186509533
-3.5199161271419945
-3.5606472579115347
-3.5731656540938044
-3.57838460045946
-3.577471049328411
-3.573442103339939
-3.5759999023421387
-3.577694682376347
-3.5777085079571793
-3.5801193007475707
-3.572621060010245
-3.567130809289117
-3.5673164333276564
-3.5699457381615773
-3.5728571766174992
-3.571600882040667
-3.5655774469512505
-3.563070670126058
-3.5532582107550965
-3.5434550499804955
-3.5472053978575433
-3.5550631808717825
-3.5583388951811408
-3.5580229129473686
-3.5546540947222036
-3.553455699028083
-3.5512839861796457
-3.5491795891440288
-3.5490120965028242
-3.549582643264472
-3.5460144305547763
-3.5421550607338643
-3.5412524891762285
-3.5406441725635416
-3.5364906441436297
-3.5289438900600087
-3.5283901823003037
-3.530362784794931
-3.5268732892241275
-3.5239773945581656
-3.521830390547116
-3.5260388354876633
-3.525647438554675
-3.5244446096112547
-3.521386928355749
-3.5158740753140885
-3.5140701225221465
-3.517066216874011
-3.518089848229087
-3.5132816081879694
-3.508507026406299
-3.504213985550111
-3.503524846586641
-3.5030694891431238
-3.506347760119965
-3.504713760060792
-3.496940269664915
-3.491104434642658
-3.4915862816940733
-3.494633531596228
-3.4953113191650007
-3.493838199047597
-3.488985383626581
-3.4832300370182687
-3.484456931170158
-3.4843871408648135
-3.4807332067191337
-3.481564735019351
-3.4821794971273867
-3.4760861092035653
-3.4711117326830774
-3.47016705661374
-3.4737178696001396
-3.4725771387183975
-3.4711546507704836
-3.4725294824880244
-3.4690193585353546
-3.4619425142118594
-3.457842844390492
-3.4509488673404705
-3.4448762029171265
-3.445450902770557
-3.4445780350625457
-3.444551981072666
-3.445891856912651
-3.443687942045918
-3.441102907664387
-3.443542399383083
-3.447337362975397
-3.4512425092849432
-3.4500864024300695
-3.4396062656547013
-3.4322167524242757
-3.4261708600548544
-3.421496358804244
-3.416554921752453
-3.41132617320554
-3.4140820102519394
-3.4173885912445785
-3.414717923870258
-3.4041309568650715
-3.400036068013124
-3.394697980456529
-3.3900126922402216
-3.3777889552802325
-3.3746794775372377
-3.383811369950838
-3.383187847151091
-3.372188047178855
-3.379316536225398
-3.382014400001204
-3.3684086471727155
-3.3683841887001766
-3.3699220557892504
-3.3653302514967645
-3.371098822615239
-3.3642568745914914
-3.3548395381065497
-3.3542313706947477
-3.350009271527166
-3.327222753997848
-3.337932010745321
-3.337570225487004
-3.321075612620174
-3.333990293516138
-3.3188684838492257
-3.3324973699761276
-3.331197681780526
-3.31550107056442
-3.2953083204355487
-3.298981697157514
-3.298060488984066
-3.297333705888353
-3.3023640198127473
-3.2963177312633527
-3.2888954715036243
-3.293225465935488
-3.3007044044041676
-3.298008333716096
-3.281488036354474
-3.274158222774336
-3.284133465028297
-3.283983838425735
-3.2780433855673823
-3.272561972171541
-3.268007100494076
-3.2616391868003998
-3.2615595577881056
-3.264578524421209
-3.268972770873691
-3.270218957937825
-3.273688792380494
-3.271769249633331
-3.273954501480787
-3.2762314744169627
-3.262115447564764
-3.249434453618167
-3.238686682184023
-3.224731371589445
-3.215225853665539
-3.2027580847392736
-3.201292785925963
-3.2002812525525726
-3.199787127284683
-3.201086565294941
-3.2060510615928193
-3.2045183978537346
-3.193579010169827
-3.182101314909325
-3.1758192399698353
-3.1665166053961578
-3.1689122101273917
-3.169139437704772
-3.163109022219256
-3.160059282507267
-3.154348521791328
-3.1479715789120384
-3.141903834364659
-3.1356626258534503
-3.1371400086813885
-3.1334344891325756
-3.125946310945093
-3.121914160003833
-3.1132147443746834
-3.0986378927612916
-3.0881736102950375
-3.086680582402934
-3.0870488010509445
-3.0840881037716916
-3.089564280363553
-3.081889220826928
-3.0657861927854473
-3.0580997299583044
-3.058739520632864
-3.055295335561509
-3.0537949637823174
-3.053495769718593
-3.0533561917674943
-3.04568921255733
-3.030638644409232
-3.0159471040474655
-3.0192906821224974
-3.0177044673421034
-3.009602225223141
-2.9977776675997587
-2.992517300766282
-2.98894772697933
-2.9797423300254375
-2.965800788486273
-2.9565529502557295
-2.9612356313025416
-2.9597896746982975
-2.9592504616436712
-2.955882157014979
-2.9555637014525247
-2.952944314436195
-2.9410874985777733
-2.9318888182092673
-2.929519420025424
-2.9241744216231984
-2.912142912608226
-2.9062028868499583
-2.9066387496788115
-2.9018605781364517
-2.8855285767287953
-2.8701682148061307
-2.864926051172384
-2.8628879529653446
-2.8588120142770297
-2.8515184057294998
-2.8448127523865967
-2.8371451010651203
-2.8301039204093312
-2.820291543531626
-2.811277172964479
-2.805309907608131
-2.799143616916733
-2.793793593642784
-2.7840335278008785
-2.772298396239924
-2.760170384055462
-2.7530599104797373
-2.7518359314698015
-2.746064223730111
-2.7345952977066617
-2.7205353242584542
-2.7112238399059057
-2.7045245187474998
-2.6992783424356874
-2.6927890008649262
-2.6799641881872427
-2.6635758920664996
-2.6556470268755947
-2.647348928802134
-2.632887865439871
-2.620566092832264
-2.616142105356918
-2.606647326293363
-2.603138197881047
-2.6021090558967335
-2.594719997510255
-2.578945471221884
-2.5595285435020623
-2.5528997044149513
-2.548586545730774
-2.540011899004846
-2.5298729674533336
-2.516450228448311
-2.498968799019143
-2.487393739594886
-2.4798060996442226
-2.4717493044873553
-2.4570965651401258
-2.445426435629631
-2.4361072591952744
-2.4242319822014653
-2.4043602755013307
-2.3905705534426773
-2.3772394997424864
-2.361787244711245
-2.348395734628533
-2.3386386509837434
-2.328844710061551
-2.310821139871084
-2.287744838696389
-2.2730399612530774
-2.2603414420587495
-2.244363510376717
-2.2252802164988656
-2.2131581525565402
-2.202626706898866
-2.179924784468349
-2.161425128876481
-2.147532899671856
-2.133036199221744
-2.1134228214814406
-2.093491174420715
-2.0783656646622304
-2.0587688546895193
-2.0401875443048776
-2.022945220385558
-2.0063371116139432
-1.9881990854358595
-1.9698457628356265
-1.9442265597157595
-1.9235205589418825
-1.9030834809094723
-1.881382328273388
-1.8563347073713148
-1.8283535326084797
-1.8034161981002486
-1.7794659123501175
-1.7514299688108803
-1.723701321585213
-1.6932336020759484
-1.6588765981450713
-1.6261930463948275
-1.5947254468184708
-1.565313081842327
-1.5331964712882231
-1.497502412032121
-1.4538713744733267
-1.4096654833166449
-1.3645496196157012
-1.3253446554453046
-1.293722089503715
-1.2529620320924253
-1.2027590534080137
-1.152527902161096
-1.1050054406311818
-1.0578063074277073
-0.9980142876374756
-0.9268629554498691
-0.8423495410976336
-0.7475322070281187
-0.6540019278475664
-0.541388113787564
-0.41652383256794373
-0.29339166683009427
-0.1491518310479578
0.04544112912650939
0.3699268359573047
0.7613421309669927
1.1450785157373007
1.3677217353461097
0.9643240792578415
0.4599746603430844
0.26836117531428216
0.06858227736101595
-0.13907396277756762
-0.29083812785287677
-0.4233092218641052
-0.5340031097817013
-0.6322890395699314
-0.7186608064799279
-0.7845133961411954
-0.8524871497830746
-0.921376450562577
-0.9881864669663193
-1.0551205685263438
-1.1158013338713408
-1.171221923898858
-1.2236371302123898
-1.2746680243954425
-1.3238021853431685
-1.3650025992258845
-1.4037361353541882
-1.4381621706048757
-1.4715721595635647
-1.505107304858901
-1.5391438291411432
-1.5708107139283696
-1.5998721999108552
-1.6302311026805134
-1.6623578412381037
-1.69248232472291
-1.7191688049166072
-1.7443186936851676
-1.766622477490812
-1.7910907529270559
-1.8172052570561275
-1.839375336621508
-1.8605059829474533
-1.884780173828288
-1.9090641452606576
-1.930773670136889
-1.9454509803915607
-1.9626882121931195
-1.9840619311848566
-2.0035029499801436
-2.0214265500339605
-2.0377594332437132
-2.0528956071967612
-2.0717255324257677
-2.0890855631975627
-2.1057607271627714
-2.121616554306042
-2.137991774396231
-2.155191333097613
-2.165301373683264
-2.178672809396564
-2.1980976952149422
-2.212596264863808
-2.2255390890033238
-2.2405827702443815
-2.2581076141417835
-2.272464596829671
-2.2860513690645474
-2.296895054922416
-2.3073865930265107
-2.3140141917841808
-2.3263869464461093
-2.341811148939468
-2.358354049661797
-2.368360587022772
-2.380695907364349
-2.396795216881851
-2.408046976565615
-2.4124249774350295
-2.418888651155545
-2.4291677677178334
-2.4420640752296134
-2.4537694604642866
-2.4654737386647385
-2.475742115543487
-2.4798602348374748
-2.486298778083257
-2.4999349912868056
-2.5095947410687054
-2.514663046233689
-2.5181705378378574
-2.5291094029797576
-2.54098041633066
-2.5518917607575045
-2.5582499310658617
-2.5650175789706053
-2.573129490166234
-2.583039285540542
-2.5947821357643237
-2.60098424717582
-2.607378738579511
-2.6148538154480896
-2.6268040744739154
-2.638416810898975
-2.6462576832781317
-2.6542388756095012
-2.6604832780642407
-2.6640030166281563
-2.67248622547205
-2.6765343348622115
-2.681281376356595
-2.687470830227437
-2.6931848682620387
-2.697308597336265
-2.706099186565577
-2.717638000871776
-2.724315990988789
-2.731992333791811
-2.7373534142851863
-2.738527803740725
-2.7416163854110294
-2.746139962476851
-2.751464753451544
-2.759896346799158
-2.7697730601385566
-2.7805190607254437
-2.784278997909409
-2.7826859325297897
-2.7886949733646684
-2.7971995141968145
-2.8023020066362796
-2.8094925743478862
-2.81519095967749
-2.8163490319505193
-2.8174033888922656
-2.8227378160665424
-2.829776858896592
-2.8298359127071584
-2.8305223820859875
-2.8340641995448204
-2.844765216053006
-2.853885484082311
-2.8646173230107426
-2.8686224075461726
-2.871302324898685
-2.8687576257374814
-2.8607038981072166
-2.859148349582458
-2.8688004160560374
-2.8840015496807454
-2.893978459296857
-2.899759992953129
-2.8945731640161956
-2.886830500156518
-2.8786886295576246
-2.886962200448223
-2.8925960579497167
-2.9036604967900814
-2.9197691248093633
-2.921535144399836
-2.923773218907025
-2.9300081469448758
-2.9323761361158587
-2.947054691118812
-2.945801594818547
-2.944480885936893
-2.948730568798011
-2.9506507591238944
-2.955314150352158
-2.9517807840615746
-2.947706739897897
-2.9475162754437827
-2.951539695995284
-2.963982422969224
-2.970980352660597
-2.9691246816499555
-2.9666890627970064
-2.9727518689342665
-2.9840541183187845
-2.9928889449415568
-2.9988736932248483
-2.9953590869177122
-2.9857722725528575
-2.995130176442106
-2.990038458468801
-2.980953245196504
-2.9857107121658117
-2.990542650628887
-3.0008424209747258
-3.007461710552834
-3.0076802971219694
-3.0088426343939396
-3.0195477298440223
-3.024430331243274
-3.0304043131452403
-3.0258137912458594
-3.0197120068925196
-3.0183889531329657
-3.019247403281376
-3.021441858081316
-3.0268724639187363
-3.0486909436291376
-3.0606969310874055
-3.056468377346391
-3.0516929245977207
-3.0531422433693636
-3.0553946926002133
-3.0505759949468456
-3.049384905101017
-3.028502194109186
-3.023363833891912
-3.032062453415973
-3.041201735890756
-3.0363722467744583
-3.0338734972369026
-3.030869448820625
-3.048881646469351
-3.063234566895332
-3.0542618159215333
-3.0541992228362895
-3.0573588511800738
-3.0608209068754926
-3.047764932123899
-3.0631928934201906
-3.037558420091568
-3.039004828272407
-3.0562387568223675
-3.066656615061028
-3.0668073121376445
-3.0523331363585795
-3.059122726632795
-3.0812028575590262
-3.0724777959169587
-3.0566106053913407
-3.0381517715075694
-3.0413723775588313
-3.032774496840349
-3.04376385825946
-3.048447588283291
-3.0433117216266252
-3.033040218713082
-3.0244780807550162
-3.028087126570059
-3.046306309662324
-3.0619660971720064
-3.0584244727764753
-3.0616915652548817
-3.062119271535997
-3.0676593734416806
-3.0564932839429297
-3.0321905178297786
-3.029076604084058
-3.0372955254374023
-3.0442965253289747
-3.0463196008686624
-3.0583932261723366
-3.061147016133458
-3.06237745776263
-3.0466514567863294
-3.0338305090630144
-3.0274179169771065
-3.020933973828452
-3.021985333109263
-3.0091148433423367
-2.9908790635269624
-2.993409957638178
-2.993964727748898
-2.992601974065729
-2.998952681436956
-2.9971569887614664
-2.996002201743954
-3.0017696340649698
-3.005080433200705
-3.003170848019609
-2.9989372097208093
-3.0012543003275267
-2.998207546885365
-2.9924080289626755
-2.9870356647974745
-2.986883106792026
-2.9848344684405848
-2.979579830583642
-2.9760560833179617
-2.9769717862174443
-2.9738783100711976
-2.9726864586919004
-2.969709094417764
-2.9711794995518472
-2.969269141724461
-2.970207151380672
-2.9693185584728248
-2.9701911149740523
-2.9699054291847937
-2.965207472869323
-2.96079741629995
-2.9596556918392483
-2.954985102861779
-2.9483944469088788
-2.949632870795608
-2.947044206129599
-2.9376893351540128
-2.9262055473274633
-2.924854998169119
-2.9224973828752208
-2.921530566943328
-2.908393424796417
-2.908659108313904
-2.9171527912685145
-2.9327467420722595
-2.923152578091369
-2.900092459603416
-2.9047711019006903
-2.920659344998398
-2.9268938089148806
-2.9156377538628546
-2.905760332288632
-2.904677019017848
-2.910491012919189
-2.892515804052778
-2.8712410339281256
-2.8558030611538268
-2.835709147241089
-2.8321075804315066
-2.8474294423871847
-2.87937103788701
-2.8821627664523146
-2.844270694369454
-2.814606520875936
-2.813160016409992
-2.8161970184588894
-2.800988248573668
-2.8025220541630067
-2.789541562760867
-2.768329924078853
-2.7526171881604244
-2.7585813109846984
-2.758644838196472
-2.7493744626434427
-2.752899081910676
-2.7473611783451584
-2.7419335750037335
-2.732999622638162
-2.721214626396081
-2.7201034800747683
-2.7150621054407433
-2.719608731667121
-2.710249753008626
-2.6888466831114446
-2.6732710755907423
-2.659362998401981
-2.66758319276886
-2.6725098581234725
-2.6536143257046496
-2.6369297445916957
-2.6301089561277498
-2.6496274302237506
-2.6533023905942335
-2.627090134590545
-2.6190052625947673
-2.6141514920391375
-2.619996822537235
-2.628557152967425
-2.6223366910717147
-2.5958071130648745
-2.5749577260005214
-2.563086130158548
-2.567161371610684
-2.568800796175178
-2.543193679497501
-2.5356371548884233
-2.542687964850316
-2.53395550292916
-2.513058375953743
-2.4962543393457675
-2.476194013668626
-2.4620357453482997
-2.446357670074234
-2.4464802531700385
-2.440141518124633
-2.427845445938433
-2.4133038981055823
-2.3973029934536747
-2.3800291046946054
-2.3705033557300155
-2.370650795902851
-2.355918378654087
-2.3354828735108755
-2.3179682898218
-2.308218965754469
-2.2985642971304774
-2.2751274893803553
-2.2528244095390537
-2.24456781052524
-2.242148153671416
-2.2224001555626733
-2.209643533429814
-2.2009291107385414
-2.1810885190211535
-2.158691233805671
-2.139146073321034
-2.1373658067787313
-2.1288079656169896
-2.1059386616108067
-2.0862763875241757
-2.0705564328048287
-2.0548934766113605
-2.0313678666610473
-2.008547981478107
-1.9850323433423072
-1.9689760145753736
-1.9447390733603076
-1.9248083324473422
-1.9051255925588848
-1.882538103677271
-1.8576389028238027
-1.8343241868153053
-1.8101348207210999
-1.781823658324459
-1.7583752569900013
-1.735176823814714
-1.7060371131517664
-1.6639716639836901
-1.6214323951799694
-1.5867876446328635
-1.5524192540840827
-1.5032879139834587
-1.456756869527312
-1.4225180027781614
-1.3960135238840046
-1.3696645400647443
-1.3173151050101237
-1.2587533824244077
-1.2185993441710272
-1.1957028575724569
-1.1810965237844002
-1.1449688687883994
-1.068684524277278
-0.9469414778634007
-0.8229591314999914
-0.7298389420911977
-0.6027825334088687
-0.4733879821005287
-0.3603998218809016
-0.2222851771001688
0.027113085748323246
0.45020759028380875
0.8390905787233847
1.1205984045590445
1.2307107454074688
0.7506132060049788
0.33888257155216
0.24716933374590003
0.026897076528802008
-0.19441458737206616
-0.3472972552919441
-0.4836664756204167
-0.5790029379088422
-0.6559729139892926
-0.736964506915904
-0.808588407188898
-0.8910935792412159
-0.9746135204801191
-1.0571630488180157
-1.1312907265640024
-1.1915869950880686
-1.240915266894634
-1.2929430227916443
-1.3531715320685374
-1.406672866630755
-1.4430510039364217
-1.4860586785366285
-1.5339309628177937
-1.572138005793191
-1.601983584857964
-1.6036008371324433
-1.605719812674992
-1.6346003752655687
-1.672808967303964
-1.713112680288404
-1.756929347435362
-1.8052418492656868
-1.836355145205164
-1.8696412351393428
-1.8793324706746544
-1.8862996241678622
-1.91587763572375
-1.9566412384720158
-1.9858602382872435
-2.0051862854519302
-2.003619095893454
-2.019895335746649
-2.0208465916415674
-2.019866519676384
-2.046918743365562
-2.0784702828612964
-2.1044244003911077
-2.1408035102305565
-2.159825278175372
-2.1623415315762426
-2.200878114881783
-2.2396965046817905
-2.2358256584874425
-2.2152718614565017
-2.2605587405218337
-2.3472980016744533
-2.337427501089107
-2.3329515604432105
-2.3537762739032604
-2.372251059949807
-2.369254707214007
-2.361472152436298
-2.3614157828179607
-2.383555926603114
-2.4400090254388447
-2.485233521228814
-2.5036962387413024
-2.491895150429732
-2.4702018567583033
-2.481112417874943
-2.503553674008625
-2.5036082696862882
-2.50029740277255
-2.5274018224113584
-2.532503397532262
-2.5660340522377636
-2.5645490115014815
-2.5595226373207836
-2.5771883562492497
-2.5636415311947878
-2.559606100534252
-2.5940297284744833
-2.5776452891169086
-2.57663886358609
-2.5921022781192358
-2.596317172281773
-2.5928499464062895
-2.6081063781327964
-2.649074692021815
-2.6548438672810724
-2.634587771255262
-2.617342334113875
-2.651551324719276
-2.675041005792287
-2.693283485125132
-2.711054567836875
-2.7120090415590457
-2.720769673146439
-2.737353607378132
-2.763065647588592
-2.756090558457212
-2.7495857209606585
-2.747309759133033
-2.7492560141711895
-2.7738967593137844
-2.786330351272371
-2.769325909209983
-2.7829696323324575
-2.7913396895628795
-2.836021370109696
-2.9049518516513646
-2.881868608396159
-2.837354959555572
-2.839456689813214
-2.8688710071638344
-2.87095638964097
-2.8698712640142903
-2.8560495621243476
-2.8349621090861286
-2.844800617300804
-2.8853781896635984
-2.902145831174407
-2.923804770417824
-2.922165176832098
-2.9319481000137944
-2.9599625109545977
-2.9748182271157257
-3.0056399375558223
-3.033342089063403
-3.02594398404454
-3.013430449219473
-2.998382765886476
-2.984328716118522
-2.971733702404662
-2.956706444622531
-2.96660140513099
-2.960540427279744
-2.9534644953800866
-2.96176740220814
-2.974225366663262
-3.0147722693115555
-3.003139184365723
-2.9601660066304296
-2.943848299116988
-2.9515220611433435
-2.968228154371158
-2.9795276833635067
-2.9913708673639
-3.02699228960652
-3.0504639711665362
-3.071092893023498
-3.074552244425679
-3.038775644037211
-3.0816646843410633
-3.108381298368899
-3.0702645217978417
-3.075356064948042
-3.047826523535641
-3.0309299771015557
-3.0386971849670767
-3.0439802835038265
-3.035512291584985
-3.0458587873282124
-3.0709306118757738
-3.0878613602812797
-3.102132291025419
-3.1116572497600927
-3.0853957563426113
-3.0470145041947694
-3.056708618247187
-3.0811875109133675
-3.0780230451816144
-3.07430991831169
-3.095822665302007
-3.107122512079683
-3.1072420399587255
-3.129300894415885
-3.1351174978872636
-3.135359766459476
-3.148519845008529
-3.144596054599469
-3.1265924189163172
-3.0950056483991646
-3.0660880761176394
-3.085663959673567
-3.1276928459889923
-3.140401625312233
-3.123964166751619
-3.1193769302383694
-3.1227842487756754
-3.1533719974567096
-3.1989658247529897
-3.1850641177350094
-3.172468520188949
-3.197852619811385
-3.220101094035731
-3.187760638916256
-3.1748947799205016
-3.186271285281953
-3.1781772350116797
-3.168595921450545
-3.2401308868566727
-3.2349775354538335
-3.20786006521786
-3.2120664445562044
-3.189115847172286
-3.1875705231280747
-3.1799646065160183
-3.2046139142042644
-3.211711217480902
-3.210753132883319
-3.213239388386088
-3.2601567639296687
-3.193734500539453
-3.1143996040110027
-3.20848752709606
-3.2424052807843577
-3.132739285935183
-3.105931072367258
-3.1549653223213636
-3.073009962004827
-3.0731084754197755
-3.12960785869734
-3.1522058601945537
-3.21635155367477
-3.201499431534896
-3.205299842959543
-3.15131881203263
-3.158126294337427
-3.1991064151963946
-3.2451234490966647
-3.213156159160204
-3.126238222605968
-3.17087331192823
-3.2970894530161665
-3.3809931136719404
-3.2859564866219255
-3.2432086554948913
-3.2677641416804724
-3.329044919752325
-3.3016436699334277
-3.2728318026338776
-3.2448504785536714
-3.198134985075943
-3.296013346225498
-3.466425913678457
-3.5422871870944204
-3.4598623428726634
-3.3919543542333206
-3.2874083887407988
-3.2270375727512515
-3.30462416163368
-3.2923767006531386
-3.3349869348496415
-3.3092336634102395
-3.2923717115966045
-3.2694807338769922
-3.255722981506966
-3.3221958313769218
-3.3381183438093696
-3.260556514099087
-3.241415713688083
-3.153515515575734
-3.161932100224991
-3.2240720105796523
-3.1977547729909044
-3.156708472231756
-3.156108161626587
-3.2154425863418803
-3.2876593044584532
-3.259356629607084
-3.238834263226804
-3.295464785406712
-3.3338154526480013
-3.2846250474029364
-3.258724990372089
-3.238836977971603
-3.2031706160140434
-3.1839360450670187
-3.179620663016669
-3.185298625327147
-3.1995598526783655
-3.2068808177942576
-3.2253552484897674
-3.1912175346836875
-3.1025107251720154
-3.112833126552259
-3.1604603225683294
-3.17049581656084
-3.233386760116594
-3.2748334510529364
-3.30011508170662
-3.29185504542697
-3.1829780024012044
-3.2328237807645626
-3.3250546360426627
-3.410467915442105
-3.312840400961116
-3.202131626597754
-3.084985047949923
-3.077111373761999
-3.0256767304652263
-3.0313266271155794
-3.0524005556260083
-3.152678793615239
-3.1116134627092706
-3.085170985726057
-3.028804967437374
-2.9879595636494565
-3.009575059440601
-3.1157872817496983
-3.1585259149354337
-3.11775218673662
-3.0983628023735434
-3.1842234473826094
-3.144274269864296
-3.0825268570015285
-3.0786320303723036
-3.1149241496193385
-3.148696968234135
-3.1328152057804104
-3.2191028262390033
-3.344095241069938
-3.221126564882833
-3.1316711682892393
-3.1066964016311163
-3.102580803807976
-3.1365968424427604
-3.130836381686251
-3.056036937360875
-2.998914124856759
-3.0135615586852644
-3.0556130183048493
-3.0543728267243075
-3.033073434591798
-3.043540339366061
-3.0442478016659917
-3.115420052431106
-3.0948800675794237
-3.0318037823902277
-3.055332476013431
-3.0700367849252124
-3.150274144750277
-3.1700349881916416
-3.1160002331974073
-3.0843933139024275
-3.042929701284406
-3.060295439303289
-3.0853237378752563
-3.0882213074313944
-3.01964611950279
-2.9493646678886627
-3.0026378378813128
-3.057430249059808
-3.0330230100407456
-3.0279512031798923
-2.9764002984180986
-2.9767472253324874
-2.988236397636145
-3.0121730616639217
-3.0511329949572654
-3.0625060811159233
-2.971316627141504
-2.930997283325083
-2.896621885584234
-2.875018453250346
-2.7976430141050743
-2.812418976093773
-2.8797246905905083
-2.8414047305331516
-2.753065304713553
-2.729092245922621
-2.784908917096332
-2.7922894330244916
-2.7197981236903783
-2.72659941174747
-2.8067679248281414
-2.8066646368086356
-2.7831002897473325
-2.7670742795564762
-2.7154933635612797
-2.663089675732034
-2.7121505070149396
-2.7732867968857944
-2.760191589073103
-2.7281122723805646
-2.7309329382690692
-2.7428696612558965
-2.7047169818073975
-2.5913042601342604
-2.6089517593942904
-2.6600508740438227
-2.626798070031422
-2.6163534544229377
-2.5573198281332097
-2.5573516873259976
-2.5374258785511614
-2.5251676511613153
-2.524264968471149
-2.490924044055025
-2.47794469291891
-2.527590990907374
-2.5010322593104823
-2.4431232793321778
-2.4152777607753597
-2.3887469782931494
-2.3473903602987614
-2.2833835752168254
-2.2615888490974383
-2.301734892878219
-2.324284290221263
-2.260632857077026
-2.2461890558906177
-2.2090232579018725
-2.1313244408184993
-2.0684643246601517
-2.0524477704815496
-2.0445050838188865
-2.0029370372969013
-1.9361437823864687
-1.8948947352948586
-1.8870666758250598
-1.8931944073786489
-1.9104526324665285
-1.8762516611658628
-1.829662462408806
-1.8025526728806187
-1.8275082836181502
-1.8646080918935313
-1.8049363003469026
-1.6063998369253847
-1.4242645779718621
-1.2818481942410243
-1.2059292970023392
-1.129890457407759
-0.97715836532275
-0.8612532102562936
-0.8032464048907227
-0.6599578049068986
-0.3318224229635126
0.09390174252804856
0.43765449937005
0.673059401139662
0.7781963863451352
0.23402327477786014
-0.25355038104567185
-0.22252233572115737
-0.4752944826424957
-0.7317278112672273
-0.8423087746643771
-0.9754071491898648
-1.076976092187112
-1.1920326909996852
-1.309488568994348
-1.374947661619969
-1.4572428356150198
-1.511723565485437
-1.5526840394407007
-1.624368313688445
-1.6753606031621384
-1.7295944357638904
-1.7858519766041618
-1.834578821465588
-1.9140966311924135
-1.965963544943045
-2.013081883208925
-2.061414597568688
-2.084830086968329
-2.0942124815391012
-2.1355219093307056
-2.196282388050246
-2.2325934298973698
-2.2504545323164336
-2.28650386719307
-2.3159842715741337
-2.329633902186903
-2.3611744777926718
-2.3967903899678213
-2.423419412740636
-2.4511863609880504
-2.477818138457707
-2.4942817716088146
-2.500536176210934
-2.502807148904073
-2.533965849747659
-2.57500976270786
-2.588899128658058
-2.5978966874589466
-2.623374178955506
-2.6697976286520024
-2.7050801952337995
-2.7093209072625717
-2.718445727852906
-2.740924217312857
-2.7488737278212025
-2.771621590603043
-2.7953459462654404
-2.8229299994334593
-2.846388920338546
-2.846746442459749
-2.8375406006454083
-2.8639061240668657
-2.879304357632851
-2.9007174032274543
-2.9115859976819642
-2.9112682714065485
-2.902689328747495
-2.937162204673998
-2.953908289588407
-2.952653504174189
-2.967876727696708
-2.9832506958544145
-2.9873390136135725
-3.0212131374469857
-3.035291041297702
-3.0327825842371756
-3.0336315140324577
-3.0344962812995107
-3.0199820354637192
-3.033657185738882
-3.0494592100717792
-3.0564240509729075
-3.06831553994084
-3.0816823031632365
-3.1129275808005876
-3.125041231330616
-3.122913116782641
-3.1023025506524937
-3.121725189071594
-3.1400505997840336
-3.177926647507769
-3.189027271752047
-3.193721665162696
-3.2022891197408243
-3.220615640341946
-3.2462953313379925
-3.281836580125445
-3.260122291219826
-3.2428777419902692
-3.240163806454904
-3.291617502887362
-3.30546598908982
-3.2865899007028054
-3.2510907794455663
-3.25206985778777
-3.2518536532673648
-3.2909174557712353
-3.3055381679399134
-3.325581467431222
-3.3200172011432993
-3.298081934413694
-3.3277978036740414
-3.3434308701421585
-3.3093702399422686
-3.3101913638904388
-3.3850341310596503
-3.4388703154865197
-3.3942463010479393
-3.35986081457686
-3.37102744989825
-3.357975562573844
-3.3505588911646242
-3.367972020160274
-3.3834462711577573
-3.3683036795901793
-3.3205944879975124
-3.305463518359447
-3.3866295485870195
-3.42165255950482
-3.405431400493353
-3.3738314803430884
-3.346475527581229
-3.3301089904475747
-3.2800167480085936
-3.2725866742097716
-3.3276719310206944
-3.3469461483246445
-3.359552466618515
-3.405082225284194
-3.3939034699155948
-3.3741810907218364
-3.402815854878215
-3.4276388595119966
-3.455526026693874
-3.451331186980689
-3.4869246242033927
-3.552083165968887
-3.556206474472694
-3.5822866048795263
-3.550548028789697
-3.4756288164262945
-3.478306872909932
-3.4694062098295833
-3.4372839366518924
-3.3847008278251183
-3.372932838226993
-3.3557612500450076
-3.3188383256254075
-3.315005771482427
-3.327423148479724
-3.318856473691908
-3.317873775302035
-3.315074332437659
-3.3574368354008444
-3.4107488820337366
-3.4870537531526224
-3.5562142147706055
-3.588131315652181
-3.55240881040621
-3.5254293413313653
-3.5144381488279124
-3.4954714788682684
-3.505161746294168
-3.477777051002554
-3.4042225216182804
-3.395241463618785
-3.422054689976271
-3.423256657175322
-3.43997285014175
-3.4564958496417595
-3.44356852464233
-3.453428052898835
-3.452428711033842
-3.475866532605708
-3.518352217606793
-3.4496579011108244
-3.460699083577234
-3.489558256888186
-3.516337685554695
-3.4997273043973567
-3.437591491210538
-3.4167629892423768
-3.418163194543459
-3.4075423002519
-3.450820667489866
-3.5108425913113637
-3.5984223946766303
-3.5843431899729423
-3.5104969094965983
-3.3857924888016293
-3.309267340471285
-3.324656692353005
-3.3694529393365316
-3.4113730264252875
-3.4638447245484265
-3.5160625186605503
-3.5115533844318185
-3.513151663407946
-3.534304941619285
-3.5279252871522173
-3.516457035576291
-3.415916756903446
-3.3722251018186227
-3.3405316657091735
-3.3257036839308034
-3.279842935664963
-3.2173328140535893
-3.178205181491539
-3.2516327385375234
-3.326655135474414
-3.245624607941673
-3.1998830316052964
-3.252858100869582
-3.304365084281713
-3.291100419118518
-3.3459637396056783
-3.3517379497437902
-3.3866150928840755
-3.4488324283009173
-3.3729008317348588
-3.3600301673188033
-3.4295623863176847
-3.5378674458933395
-3.5730900966181918
-3.5298043721857746
-3.4548807296736532
-3.4408501521574957
-3.482183696265507
-3.4406089635049373
-3.4113344504470176
-3.38498263156427
-3.357862672994888
-3.336692359802532
-3.308209862520703
-3.2959481614169106
-3.3153318095087307
-3.3526483963072695
-3.416843474628848
-3.504640571249819
-3.4787635841077873
-3.3323966978585324
-3.2652145892795232
-3.25850145059109
-3.2095762870131312
-3.1991485547989242
-3.2332243870461204
-3.265378982422348
-3.3283948939135035
-3.355514357862554
-3.3964026023198852
-3.3774682970612124
-3.427411785020676
-3.432789678724197
-3.3558075277234236
-3.2740983416839997
-3.2230319356765738
-3.1687051662747954
-3.2470205113503807
-3.2421247231496113
-3.192248680384171
-3.269046919597208
-3.319374109568313
-3.3177837992300057
-3.3086412852256464
-3.2941436410296014
-3.3361314119704573
-3.345073653516812
-3.302278521258884
-3.312547931835257
-3.3058017484001434
-3.304192161073734
-3.2634575674338944
-3.213103105139058
-3.1738736268791325
-3.1867907772287194
-3.2266181351690344
-3.2496170874529358
-3.3032112532076443
-3.2960505405366716
-3.249395258863263
-3.3042251125158177
-3.3013644569794045
-3.2973011670347003
-3.3163071458240823
-3.241061982029772
-3.198274586202302
-3.1530358002615437
-3.0976191719999764
-3.080719896679598
-3.0830711767785335
-3.105098646966561
-3.1055004882079182
-3.1005417449222192
-3.100670703028182
-3.0749896766879736
-3.072483553073169
-3.072479266049166
-3.084074922995155
-3.0771972837163055
-3.094487709528197
-3.1265205060489123
-3.15531783452295
-3.189682386115868
-3.164180471575034
-3.099154910062931
-3.05016038462177
-3.002259842663593
-2.9811338778885164
-3.0142053656015046
-3.0286913604412584
-3.0297896942045983
-3.021907970543545
-2.998786178815987
-2.9383995939740495
-2.9103768336689817
-2.957736510589439
-3.0143709766793445
-3.105204628384528
-3.0913958248870355
-3.009238503443122
-2.980254830872676
-2.9629625110213014
-2.930823063712587
-2.89021065983301
-2.8982442309085124
-2.922498493662209
-2.9299641814937685
-2.9177199408197594
-2.859967314260109
-2.8505632958697436
-2.8696332989177575
-2.8811968783961484
-2.9598180649486756
-2.945418007601357
-2.8622362938216117
-2.815670750520661
-2.818425106851121
-2.829951972274819
-2.7998022378605905
-2.7835914089105596
-2.79651694756652
-2.76392855527319
-2.786996939527477
-2.842532951549777
-2.8200461449011573
-2.740944604173488
-2.7232723437571362
-2.770909148295294
-2.8194901408129156
-2.834771732755665
-2.805966963824152
-2.770463773268747
-2.768351897004705
-2.7821473158528978
-2.754658159657596
-2.71914610488502
-2.686715856432082
-2.6561716774154065
-2.665774728776702
-2.651474110375741
-2.627546500249313
-2.6017907795873185
-2.5385985322945137
-2.486967403201368
-2.4995115241051007
-2.5271579226259853
-2.545400899498435
-2.5550699646780966
-2.536670503212665
-2.4983169534360883
-2.432906016894551
-2.4140634192816246
-2.434649473703155
-2.4486988741305042
-2.453161133574645
-2.4762068356971496
-2.478862633193031
-2.4397340834259684
-2.3887903297232107
-2.353846718907039
-2.3626100096388467
-2.3696757958293935
-2.3559304419076414
-2.3163336402957317
-2.315748441445582
-2.3041301023825707
-2.2900895144792583
-2.2855685928547484
-2.2984500956463827
-2.2956993184441963
-2.261443846820365
-2.2756283621812856
-2.259079915509392
-2.213299252552416
-2.153702269830365
-2.10712542122748
-2.093196487975083
-2.0810484534596188
-2.0619278126941283
-2.032637984719935
-2.0241126010947093
-1.9894171214120902
-1.936032924945649
-1.8979815882616045
-1.8816321359928398
-1.8757117955931517
-1.8781469373178756
-1.879259270954572
-1.8722552731094702
-1.8293240037340128
-1.7683993241970144
-1.7254095032206935
-1.6845089871635488
-1.6327546671644704
-1.5359801360990877
-1.476603191357425
-1.4610302171765792
-1.4685052343568292
-1.437623453547585
-1.345495759035779
-1.2948261262070162
-1.3063609082317944
-1.383971970189368
-1.5087865499648698
-1.5471981264962171
-1.3457089593645823
-1.0827734510052105
-0.9107610606208788
-0.7914956809959978
-0.6640664397209768
-0.5932019428739745
-0.5284513304037074
-0.20507336528893627
0.3211980865748369
0.7708399390737924
1.0319510440206585
1.1168735115220538
0.9742249746775682
0.3076715853410623
0.3671581108337237
0.20723180869901411
-0.07006648407504791
-0.20911391738228174
-0.3812690630947974
-0.49970044187730744
-0.5651099242355153
-0.6152518400484127
-0.6578741787818446
-0.7432337890929211
-0.8452763895369507
-0.9567626319704828
-1.0804164854266334
-1.1708951427008343
-1.2302565347273964
-1.3007532142186282
-1.3823229277442206
-1.4524062585561903
-1.4650382276919591
-1.4952524282639859
-1.5367267497696822
-1.5761408668404937
-1.601098376106487
-1.6240723758604187
-1.6254759470696165
-1.629797999973325
-1.6713709341547143
-1.7460980753602613
-1.7964350537023805
-1.8193233678157292
-1.8467207406714952
-1.8814909545973755
-1.9104774620007428
-1.9153459307094696
-1.9202186160130965
-1.9512395467260022
-1.9866083154310852
-2.009542102662251
-2.0338325119895795
-2.044947885881072
-2.067980697016664
-2.067589520307237
-2.085642623345785
-2.1195968274622548
-2.1467744977954437
-2.175956332944152
-2.2099734283863888
-2.200808606337491
-2.2252261227748273
-2.2899862698830797
-2.3230089549855064
-2.306604267844876
-2.333060548543624
-2.4529662627518967
-2.4666347579762884
-2.4068625658772955
-2.4165394926942487
-2.453512162580783
-2.4483028883245814
-2.374794434299305
-2.362967258713424
-2.3957857722001106
-2.4889383625849457
-2.5740278577839377
-2.608455492246593
-2.5803687021873096
-2.5154824252259353
-2.491050901717522
-2.5766728213944123
-2.6290743788095123
-2.6335110032933233
-2.6300077955484347
-2.66400714740125
-2.661850263132007
-2.681811147346028
-2.6532904442708696
-2.6368673190238825
-2.621395319401788
-2.587674042003534
-2.617844550930029
-2.6564881106773988
-2.6197841366857015
-2.627850219338055
-2.637747076255689
-2.6195657628743816
-2.6317761649226936
-2.683098024566071
-2.7375708407709927
-2.707618911527038
-2.6985469638465713
-2.7142376221061566
-2.776594725662094
-2.7751310851443396
-2.79680921937129
-2.819614545867392
-2.876257152295725
-2.9114442157493725
-2.8855256533800406
-2.867905686793091
-2.8080862907793533
-2.8030121384601125
-2.8091744020814238
-2.823740315795385
-2.882351740721136
-2.888470569259299
-2.8496711776050656
-2.880410693420348
-2.894649414968708
-2.930769976978216
-2.9682214936648617
-2.9610714448137196
-2.9549871854046286
-2.9623387359429025
-2.9776329068167025
-2.9800472002933702
-2.961224207484306
-2.945630179459043
-2.9641033756185546
-3.0155005740524796
-2.975841364205814
-2.927257516187706
-2.9666484305728567
-3.025141099905007
-3.063558182525976
-3.103359827817795
-3.134302369601313
-3.164496114804796
-3.1118892419986124
-3.0717660487036724
-3.0724116185982013
-3.047151934885563
-2.9760594666291587
-2.9608996141949757
-3.001225270999726
-3.0288341798884693
-3.020497302153334
-3.0179597837906194
-3.028899617593952
-3.0555662314145113
-3.0719359970012428
-3.0910763312839453
-3.1238781305375705
-3.1537338573950664
-3.164336974123388
-3.1279619274771764
-3.097891484567361
-3.101948192406745
-3.1371826869033255
-3.1495268171963264
-3.1473420781381027
-3.130397079214386
-3.1202961842522967
-3.1501923592569296
-3.1333767043616576
-3.1559636972606637
-3.136563767125677
-3.0982887865420565
-3.1074107009248917
-3.1467198182750344
-3.183766549972882
-3.233502738377302
-3.261431090673619
-3.2672793951740506
-3.2645753031915534
-3.24135146287052
-3.2362271163374667
-3.256787848733007
-3.272456871169784
-3.284580508345685
-3.2691329544675063
-3.259170078797556
-3.2380687410921016
-3.238506839984246
-3.2706828175555613
-3.292282111067023
-3.28002094873413
-3.267083311316563
-3.2699365992555007
-3.3067955405807754
-3.3342825206665543
-3.3227009280922566
-3.331809556563607
-3.346865365408518
-3.3519581131750984
-3.3524976202074135
-3.3175232329759257
-3.285496129775998
-3.2868367049675205
-3.296853120229492
-3.3162175947455066
-3.339456240981472
-3.3509834768445645
-3.350216272137645
-3.3129514309113914
-3.2381367748083543
-3.2193872440915547
-3.247811977718643
-3.277947736924482
-3.274209410405427
-3.3095021026483957
-3.3559914277631306
-3.3159050333904854
-3.3515848021166637
-3.3602709518631086
-3.3569723281589177
-3.3832205211374884
-3.3378117605572104
-3.3519245127199593
-3.3925047546240807
-3.3695251048424537
-3.345412598984809
-3.3107678721690252
-3.251131124337568
-3.37577613805309
-3.416685503395026
-3.3044863709639687
-3.2930411348013573
-3.3487963686401563
-3.2890123389500885
-3.3497476956716263
-3.381942593878892
-3.3855985893944847
-3.4279679044182703
-3.4327422025312804
-3.4314927865518765
-3.443581076869305
-3.474139315995409
-3.5432035967502267
-3.4905898053474056
-3.423409218818614
-3.3956423625751926
-3.496338225704154
-3.5766209888517904
-3.5139415404272927
-3.438860536142013
-3.453866338121704
-3.5655169162928892
-3.6013348451418628
-3.5464515456813395
-3.4769750313079655
-3.455093066514645
-3.477154484005669
-3.552328646763739
-3.651376174367766
-3.535233012626292
-3.460101994159445
-3.4597616206406454
-3.4067410253060735
-3.3491599441446254
-3.4023293640756527
-3.4736831177041156
-3.4921817578013847
-3.5334984754362537
-3.4937828023717237
-3.4955767434838614
-3.5251062912797844
-3.5724835072876395
-3.5565725598695663
-3.4787350147916896
-3.3995532833976925
-3.3877162609255795
-3.388489928361721
-3.472673325653874
-3.4765270226004827
-3.5047689603148284
-3.5477513968981977
-3.54971808079086
-3.5593889503705403
-3.514922862056047
-3.527321596971296
-3.608636029133444
-3.602451729650932
-3.595422604005918
-3.575665321154238
-3.5409946603914206
-3.5411849035200254
-3.4634093311850833
-3.409983011775787
-3.415119483400512
-3.4347438703648634
-3.496401032223575
-3.5316511818859917
-3.608404330281331
-3.541339523895586
-3.525072135969365
-3.5870322530300016
-3.5936897944228736
-3.669496870065758
-3.7376205932588125
-3.662092792797413
-3.5628961035163456
-3.5099898448161064
-3.495358774634732
-3.5733606957717026
-3.5727979870950852
-3.510272053024127
-3.465311243357557
-3.4652951801118057
-3.427399936105216
-3.391825049902485
-3.3616720652267076
-3.3840458003796114
-3.438609308450309
-3.4742935710205005
-3.416230832535849
-3.3904028659367276
-3.409160862695265
-3.4441951576781396
-3.5214301581581866
-3.633493013179937
-3.5593239547504414
-3.4630253911878954
-3.5087557453939353
-3.5689101509644336
-3.469846281113627
-3.4230425230974943
-3.4640318699107078
-3.4441254446951177
-3.3917187430671607
-3.384388945607901
-3.4088329726038467
-3.4599837688772124
-3.5718969624068526
-3.592374613865141
-3.47774959162483
-3.426216579894997
-3.4604024434079106
-3.466043436794581
-3.4591861505750345
-3.4201706634671347
-3.4766872561349813
-3.570296862772936
-3.589436098756579
-3.5649410475603256
-3.5733156245611712
-3.573230979427763
-3.5449156190996938
-3.5660063230108143
-3.4840651320203135
-3.4491902873617057
-3.448693341450741
-3.512889875852756
-3.5486621376054086
-3.4930189758749335
-3.3918431550783144
-3.495193986609759
-3.5015020761206035
-3.4499809642149852
-3.464847185927025
-3.435505407925647
-3.3453935000407125
-3.306748575427058
-3.369709280550659
-3.517012373288436
-3.4803339298862266
-3.4489090628094767
-3.441096279667335
-3.50132863977613
-3.503685146645557
-3.4761892440119877
-3.484510069538156
-3.387034523361624
-3.33987633138827
-3.3704761905669534
-3.344531485578495
-3.339825318507567
-3.3803456622867727
-3.2577705741732688
-3.178396379912351
-3.154389966430475
-3.146702889477186
-3.1636078654190807
-3.174286147513599
-3.1518064574767655
-3.1130670701527174
-3.1165528822782744
-3.119064173635152
-3.1328570537135083
-3.145812226246427
-3.115425722628291
-3.159384210399398
-3.2324753742974655
-3.170325524727987
-3.0951894166126137
-3.126768400195725
-3.1546687047519244
-3.1590754513969723
-3.139580913795965
-3.034013187967828
-3.067579415280461
-3.0928680947833738
-3.0454264618520477
-3.0500785145670446
-3.051445698950964
-3.081428736320035
-3.07081050470059
-3.0981487463715713
-3.1255119462732925
-3.1433724212009615
-3.1253660673740287
-3.0601642213493383
-2.993574829165604
-2.9623037572689226
-2.921111394460242
-2.902636498314782
-2.913798779654336
-2.9211080722249267
-2.8778036281837225
-2.804123991192638
-2.747930333797743
-2.6999190865976708
-2.7161738264866013
-2.734633327680135
-2.7529559962262695
-2.759450110810642
-2.716218200217365
-2.6902630880667266
-2.682454652044573
-2.648593082453121
-2.5393945667443805
-2.425552420806144
-2.373079459556659
-2.3963301883404657
-2.3955570045320593
-2.2660107852339006
-2.1411499914187373
-2.0812487920398453
-2.1121701721116293
-2.220748027263636
-2.4208158327986262
-2.6555485482332917
-2.4237013588429956
-2.139915294812147
-1.8772612067443377
-1.7070711268556986
-1.7635264160985449
-2.1288696956990822
-1.5645190673611389
-0.7138401317850217
-0.1899256150897649
0.06573956143159926
0.10957991999351603
-0.18890819751222618
-1.5180502249987249
-0.6309824437266305
-0.9526166946486541
-1.3253341411422925
-1.2574410176675264
-1.486421009276174
-1.626402873476825
-1.6859823472315498
-1.7139433187732984
-1.6728865167214746
-1.7436349660868238
-1.8200234639669248
-1.9111862769115613
-2.0706423512030274
-2.197587120466175
-2.279355184293019
-2.3604690880411714
-2.455070783530429
-2.573932455986578
-2.5818239506463727
-2.62409812357474
-2.6780738564685405
-2.6870824026122992
-2.7173617160087913
-2.7265368976291264
-2.7131058743921805
-2.698150251069154
-2.774571638961523
-2.8998016397963116
-2.977252435248597
-3.0000168531512097
-3.039905644162055
-3.060150909678971
-3.0643378359019353
-3.093273024559438
-3.113493106869588
-3.0855871516195603
-3.077938759554196
-3.1448606267954804
-3.189012669522627
-3.189712193501488
-3.2194992720137456
-3.2044001340673294
-3.2258633842112596
-3.3196515697893108
-3.346495215895681
-3.3536049744117093
-3.416211644078534
-3.3576327074904273
-3.3178275129287544
-3.400323692790304
-3.4728947231123937
-3.414516664973154
-3.450319496424047
-3.6396674215655387
-3.7440032504318466
-3.627998401078189
-3.575939952535554
-3.687247831073435
-3.7696882036813864
-3.618441853700861
-3.5581827853815198
-3.5841047410184026
-3.7299400944097565
-3.853362932171301
-4.162082437097592
-4.070144061033735
-3.772377744840877
-3.766104795424014
-4.006687295980232
-4.048844432417227
-4.120650278723351
-4.019904416116601
-4.140944938484505
-4.3910070678998965
-4.425408339824375
-4.201416942879374
-4.056331158685547
-3.8569085418331195
-3.7992684895269218
-4.010798922044602
-4.210854540137806
-3.9871232434337003
-3.986692802858297
-3.935977061241674
-3.737917336693419
-3.7346593845730394
-3.781281373212328
-3.857229938182554
-3.819739688187147
-3.850922121535816
-3.9109990276518896
-4.120602267789375
-4.058829872644321
-4.076083734918102
-4.166563496734689
-4.544905975816739
-4.890642876466749
-5.289455349331775
-4.6623645051330005
-4.3032484157161015
-4.340104568381639
-4.303855001897204
-4.176346810132501
-4.412467339332375
-4.300826867162185
-4.1953147962758415
-4.27038992347569
-4.407304003399134
-4.663091333510527
-5.048278734788979
-4.804304584329495
-4.498716090589322
-4.645997264265302
-5.67709711593758
-4.643744601099254
-4.162077279903926
-4.056571326438546
-4.212394834588388
-4.7224821947442095
-4.125997545295831
-3.9133258428433417
-3.9783786322362875
-4.2654067959736315
-4.477146978774383
-4.453914505399104
-4.413632057379226
-4.849501668470086
-5.510440462762734
-5.07667646134682
-5.213005472649693
-5.20118422074913
-4.591378023054202
-4.437747348598918
-4.472922091913711
-4.506893953786778
-4.418308202019593
-4.342226980054508
-4.381146426894066
-4.458268375418461
-4.3932114180827835
-4.361719024066718
-4.438258768076624
-4.474104765424813
-4.631765476708661
-4.490600155883486
-4.2578207426002805
-4.10828241250657
-4.067338969363409
-4.08795134476942
-4.218575833341449
-4.3338441481188745
-4.400947383605964
-4.502372694921477
-4.647871185013051
-5.098985889541777
-4.674559235001647
-4.148838849494001
-4.025617774472347
-3.929631258028606
-4.013803819414677
-4.246079475860375
-4.6731549285179
-4.776177267504651
-4.367159456654101
-4.112356259680138
-4.134638760854435
-4.4402918636985005
-5.117506500949947
-5.117372232777214
-4.661872920832993
-4.6235764470638285
-4.422688626628095
-4.25382428471863
-4.347817852271533
-4.616834130068889
-4.7046338251695135
-4.543029147419113
-4.228809253923453
-4.116719596097772
-4.271373649095217
-4.442489845182782
-4.683523139574323
-4.789342902155703
-5.081653473104054
-5.176923820636232
-5.693244517239068
-5.2985547157450394
-5.030826075782468
-5.524670921208278
-4.94605538657575
-4.894702735039716
-5.107755640760976
-5.1155095039010305
-5.002571104086205
-4.852255167491564
-4.707173850317778
-4.656768384646289
-4.618794769873124
-4.395532913313275
-4.291196053794462
-4.6727592680475905
-4.707179706265724
-4.74537821184411
-4.513543971441381
-4.5615392198380595
-5.147348276027123
-4.809057200365772
-4.667198206308354
-4.814653316283307
-5.077102700759453
-5.287568723674644
-4.824645905562022
-4.171906071806068
-4.4831938935125315
-6.711117691856835
-4.951812744999417
-4.838240385174669
-5.142313860349127
-3.9433877097374452
-3.994888121035684
-4.45428883978807
-4.435240529512608
-4.257833204244451
-4.098698543399507
-4.013215534057909
-4.631368510280783
-4.433886419865453
-4.77098583326885
-4.907491747678584
-4.514658637674351
-4.367422785679727
-4.545610537223156
-5.145272265258337
-7.0574112745341315
-5.309754153470873
-5.074735858166257
-5.180675115541443
-5.2846106018256895
-4.906903041976322
-4.826063861509909
-4.600943707216046
-4.644376080765651
-4.91293589393208
-5.2761810668137565
-4.94268285810883
-4.506666640144188
-4.602601275848141
-4.752913813383355
-4.623473482817989
-4.6265535085349585
-4.617051526338272
-4.496028853384749
-4.566699456232465
-4.6585007722826015
-4.57307702353488
-4.53035442431727
-4.645558079699775
-4.619964216783959
-4.689749294926297
-4.806717550947355
-4.57412599940419
-4.489485428357346
-4.909116400330575
-4.601412648919263
-4.635487802506489
-4.943547962178122
-4.929297529763826
-5.138799271632669
-4.915548914729077
-4.880772178957246
-5.257101989849222
-6.786980918179335
-5.4459332876789945
-5.345225110163811
-5.190525022806465
-5.3191907577731765
-5.621545150998961
-5.585238341476265
-5.12192164903598
-4.567456086899632
-4.556731357492983
-4.888624813196654
-5.192406150631607
-4.963433989257839
-4.669828749434055
-4.614316158562305
-4.4746867247395326
-4.507380377371357
-4.954596337303739
-6.980410298386433
-5.372206776116555
-5.2220550636434915
-5.258722623879032
-5.164769580386048
-5.043012711557271
-5.101837838308934
-5.230375563364491
-5.048338183025464
-4.81911265279464
-4.722873618217953
-4.487575293139978
-4.425815108328994
-4.585101364094411
-4.640667893648904
-4.564851234872623
-4.561644969210511
-4.65057352708569
-4.598300079925897
-4.644609095437121
-4.853927672981194
-5.4731541213765516
-4.836895003063691
-4.732862227385308
-4.931740400788612
-5.04655530360329
-4.862367908085376
-4.827086652563375
-4.780269773790032
-4.735527090078091
-4.780638818083815
-4.640436139432967
-4.613765107383392
-4.869828785153605
-4.950851559860585
-4.5683088313717235
-4.484668546007801
-4.484208943101016
-4.46833131122611
-4.59003762050109
-4.682482941780993
-4.549167199368777
-4.567356660777802
-4.585591801698018
-4.573755107013907
-4.55058817937442
-4.413318678635914
-4.466673485933471
-4.639038263810727
-4.7383161984124875
-4.547516206069699
-4.432604670276986
-4.519668211341339
-4.589837674487212
-4.694340415257542
-4.619296728250515
-4.691859590021502
-4.743425332126262
-4.714273594810937
-4.7550512438380785
-4.604546130864847
-4.393532179412329
-4.248519471155103
-4.274320401606642
-4.56280043317057
-4.8384342588965925
-4.882839160472675
-4.792927829029547
-4.89468232270422
-4.97647725869685
-4.914491202510631
-4.984963070676766
-4.926164131213144
-4.780698540600642
-4.710307258154211
-4.394705199403121
-4.400528667026504
-4.48324406439068
-4.230762607676108
-4.1703171476905245
-4.270766542403908
-4.294980237071062
-4.364093641764944
-4.337296699455377
-4.221266855070926
-4.07805122165742
-4.029791974713934
-4.030117841517401
-4.085664059462216
-4.202248822456794
-4.135661095087604
-4.080286334577787
-4.07358112984274
-4.042941811519812
-4.053198231554209
-4.0519873848818
-4.0490560668843525
-4.1263951392063065
-3.9752647018572893
-3.854561704667614
-3.8737464223469535
-3.9265961930120987
-3.9121140388411
-4.0070634642616945
-4.0787802253250325
-3.986910507294983
-3.9357788387181327
-4.0108441974873275
-4.048024253574738
-4.072577952804162
-4.02800764452823
-3.8907453734510584
-3.8100266017426865
-3.7264959964855664
-3.705077067516104
-3.754179017553937
-3.7165913485622473
-3.698326204286526
-3.6764008506930406
-3.6075579542489526
-3.5532983030230447
-3.470229446902369
-3.451250613995656
-3.4931775150692728
-3.530619397359515
-3.534783324985754
-3.4759255099834756
-3.443352974746665
-3.457760300507983
-3.371754057137896
-3.2328951533647037
-3.115728463180256
-3.0880248838573077
-3.082075990379447
-3.0362549343804797
-2.896916192224515
-2.826819911180481
-2.8091884179163324
-2.859060462844148
-3.096124594322897
-3.5404289157707183
-3.5319821110209073
-2.9773898440461997
-2.7153430827488925
-2.5350984477609417
-2.475987966419094
-2.754276710199627
-2.555290625103975
-1.6439050544250915
-1.013828222707617
-0.6210908913714254
-0.4676400690525277
-0.5346877346518283
-0.9826410712501632
-1.446128778488777
-1.1027531225656175
-1.6974216976933232
-1.7259334619006648
-1.7337097458067503
-2.1407554180986286
-2.100019365952327
-2.1074661226581344
-2.0932850725583148
-2.0732514833771587
-2.220304649880252
-2.3011165259252184
-2.4215345883165806
-2.6073517290596464
-2.700695153247118
-2.7832898672816873
-2.854151162026918
-2.9486909158505634
-3.095499280164536
-3.055403883632968
-3.0851191789586814
-3.086415412007179
-3.0747590415569284
-3.1121898989945924
-3.1171979164446193
-3.1107860473902114
-3.0999317408328912
-3.226121184794001
-3.292579540491608
-3.3394537650536043
-3.4049258583098836
-3.4064688364291373
-3.350812755944845
-3.343826787742172
-3.3711748894792137
-3.4236978097440955
-3.4707519367004207
-3.476667181249613
-3.5426132747356545
-3.5795483712229097
-3.569778996771538
-3.5709777114296766
-3.640230389072129
-3.669390205307347
-3.6894962946490315
-3.652991088668934
-3.6996391649215283
-3.761254943143155
-3.7140142931882463
-3.765502703096649
-3.7739473371066894
-3.754399943456914
-3.721627820244882
-3.8760799731057625
-4.036591605673312
-3.9561145413197996
-3.885418656178056
-3.886760264050412
-3.9151756237088993
-3.785198191871977
-3.7447369843667064
-3.767764737908775
-3.8127617348583236
-3.890580605141951
-3.9928815530180737
-4.040565642543351
-3.9034895172629245
-3.774786251288235
-3.956611756879398
-4.231936160676368
-4.37855601904556
-4.476913729414742
-4.266523906215764
-4.232545523740397
-4.091678208686331
-3.951715990610482
-3.9138960827089746
-3.9487189423629916
-3.923245274622384
-3.8708497206704395
-3.9566945954308603
-3.964751820514232
-4.03530169212409
-4.029945717730358
-3.9480156631302945
-3.8501204630074453
-3.8860556227833833
-3.92036632566911
-3.86705929343363
-3.844857587485746
-3.8676366503199264
-3.981253511313531
-4.2729965956022165
-4.309547514124203
-4.117265352496641
-4.142520239958486
-4.273501950550396
-4.166591541554288
-4.235658753350621
-4.26056334958555
-4.268420487999733
-4.252789770371711
-4.2194955299996195
-4.189955552536322
-4.148592350139605
-4.094263066239624
-4.1439555974967845
-4.270031748882049
-4.370376350590215
-4.382106335775019
-4.322298313240551
-4.376784198333333
-4.491643569991875
-4.536917326196756
-4.742661596876693
-4.767853060397725
-4.486565655751537
-4.489234569918359
-4.703597236351361
-4.8439804653044645
-4.4314688605022585
-4.531715624232422
-4.65213585140693
-4.547305472768709
-4.5229582136087005
-4.601166046447528
-4.641583747739923
-4.556492690002663
-4.419298086689695
-4.3065387072559345
-4.331167897410787
-4.2784580654525435
-4.173341180657867
-4.248594421764665
-4.375086844346287
-4.4530147396614295
-4.50445596376904
-4.534364669478039
-4.587405785901978
-4.6171395042576675
-4.461946841603702
-4.387750012334315
-4.370684537768094
-4.341099499053863
-4.308922614449024
-4.2890881524256015
-4.3186403745562
-4.4540145872468
-4.317117668571435
-4.210160200690676
-4.236806760339515
-4.319244571468673
-4.608252350469618
-4.565573442324523
-4.530171910129834
-4.503343814719965
-4.360337629272548
-4.251243958427034
-4.17331425805334
-4.209346209815842
-4.391827542500165
-4.510654228649452
-4.503975813108744
-4.2874321343714366
-4.072286351100587
-4.017006181821392
-4.149776786024958
-4.436193735618002
-4.509545770457254
-4.280250358165154
-4.184614401553386
-4.336332451992012
-4.434313981200155
-4.3808591759257
-4.363068896295454
-4.346190515954453
-4.2567689485517874
-4.237414560698739
-4.228643040154385
-4.382973483639043
-4.54570741696422
-4.529457289996638
-4.5494182178315015
-4.596789750722098
-4.468303610443594
-4.361403807423922
-4.288644048893348
-4.341467577151033
-4.4202104386026075
-4.435932878169885
-4.381354655185428
-4.391163730411739
-4.4039383017468055
-4.399265841993005
-4.385798963968783
-4.341070881020897
-4.457990630014871
-4.518123685234644
-4.368173121270615
-4.2378771512439455
-4.317085686612125
-4.73980738568354
-4.653281548363631
-4.396802871461044
-4.223811422630387
-4.7486686167332115
-5.0399571623929
-4.775811311370779
-4.836008281838697
-4.826457303044669
-4.474617508368266
-4.343937424285731
-4.18190302892132
-4.24787307261593
-5.073782415429455
-4.447257591255385
-4.490430324993286
-4.842068312435411
-4.728225745969301
-4.30430445760984
-4.672082946456922
-4.611642821234169
-4.618202507204512
-4.774434894006584
-4.612647538603434
-4.744472337405224
-4.416563533847065
-4.514604304707953
-4.590589196740179
-4.46544633590015
-4.613768198331798
-5.095871893611721
-5.187748229561042
-4.896626153266894
-4.609197198135393
-4.578938277972501
-4.8391044024518814
-4.772083077602767
-4.558289112594055
-4.489338664582252
-4.493737338036701
-4.589616781875233
-4.760557348782294
-4.752705074165285
-4.643625453810995
-4.608354747670734
-4.628532565272644
-4.502451529318882
-4.550316437466225
-4.607480715020902
-4.532996991994797
-4.415706216357631
-4.428155343935535
-4.392560346318254
-4.488644030198439
-4.634606906224555
-4.693179508653046
-4.704163422169143
-4.612714399823207
-4.6131776082721165
-4.580499194079248
-4.555122029773484
-4.628835047228685
-4.557796672663931
-4.606207186045835
-4.668799963547783
-4.6727990483188355
-4.65267821735828
-4.693894062108046
-4.875490082202527
-4.923902172863451
-4.779145284820515
-4.77058223922751
-4.787214457647609
-4.706794226199298
-4.782211516761394
-4.816819863692662
-4.763171655516214
-4.675353234658593
-4.510434439746877
-4.403196917535558
-4.385871696870418
-4.521949616489375
-4.563669785162325
-4.578571128917349
-4.581117326336579
-4.592468718466987
-4.579779403139461
-4.6189063658740315
-4.579105467266725
-4.560021125649963
-4.504423717345683
-4.415034655554807
-4.334860641696508
-4.3357973083360335
-4.3614414253830365
-4.421320945423725
-4.496081645476259
-4.466041325788113
-4.469967726004702
-4.469759870432299
-4.526180489526652
-4.5773396639737225
-4.462654980331267
-4.324135308029275
-4.370201734490039
-4.4024776137172985
-4.355890940634886
-4.434076708878636
-4.514679951260082
-4.482065876662874
-4.489531686864711
-4.492606480692925
-4.503763570932757
-4.470836049529356
-4.47204565758517
-4.507980547999017
-4.4531391468633075
-4.399602441533094
-4.41964929725023
-4.326121748851099
-4.3906833798028
-4.661761900986117
-4.639272222357026
-4.4044414613928
-4.370638915046746
-4.34577430620835
-4.301921472054972
-4.316873543560136
-4.322301716394306
-4.419973509176857
-4.476705195809014
-4.447520858526631
-4.329830447712881
-4.214468503083585
-4.106032416278941
-4.052067106992338
-4.128398705769188
-4.2664964349591425
-4.3281669820462625
-4.355738521898894
-4.390813739826253
-4.4093450984462645
-4.3536822423074
-4.344176667772052
-4.390999677681787
-4.3491230936045095
-4.288871948523522
-4.421026501903017
-4.4368808043490775
-4.2819922698187405
-4.275209984464075
-4.337328635390202
-4.407699558262157
-4.536302313689844
-4.63284676990164
-4.526539049958097
-4.437698737660888
-4.4096314797328935
-4.3754365181897565
-4.339219897839325
-4.317364349562917
-4.3161164552705795
-4.418102539474755
-4.307245007729295
-4.2578705378678015
-4.237210535757433
-4.130362170064411
-4.035333949619031
-4.094587810021737
-4.039520056344991
-4.091035001635781
-4.1808889847269315
-4.1702849799122506
-4.1052082041589
-4.092232406280088
-4.091369195648073
-4.142902996557073
-4.184290465334591
-4.111482306341955
-4.072634734804722
-4.149283361219682
-4.127992130891742
-4.080581480868287
-4.095425263232269
-4.042488953897126
-4.035405886746676
-4.03706889708122
-3.955895579034223
-4.012403297750585
-4.154306191772351
-4.073210025327186
-4.057682976170053
-4.061443544999234
-4.069337303559225
-3.8911643734011307
-3.923006637706023
-4.048182353111818
-4.128511792559549
-4.181353007962352
-4.07702816487809
-3.960246144437166
-3.908276840040057
-3.8322936073669367
-3.757789209636903
-3.847801164298523
-3.859467958466443
-3.8073810481242223
-3.7562069413875556
-3.721446622073824
-3.655943766271011
-3.6745010103276305
-3.6188997281742323
-3.621917813397505
-3.5781567409088475
-3.540779539254264
-3.5675405449584896
-3.623926317981478
-3.629874268863111
-3.458398398494636
-3.329792486867506
-3.3160965584482662
-3.3633037212600354
-3.3739497281484816
-3.282191530803844
-3.121168632983298
-3.050341774813575
-3.0230991837993053
-3.0774166775380927
-3.375993112147492
-3.7953615294621788
-3.340696224026007
-2.971090190304191
-2.7937055271626963
-2.6883374627400434
-2.800359921231438
-3.262928240877959
-2.419950308432937
-1.6172080135028675
-1.0911039856903941
-0.8013041131598587
-0.7579294625290809
-0.9540835282872283
-1.7958385132745684
-1.3373191491708303
-1.3354937429412568
-2.223858028308814
-1.9403285641691623
-2.0903312834361047
-2.519344625202232
-2.343927214264249
-2.4247747202959826
-2.3751739330419794
-2.3446300971962306
-2.509960809541447
-2.6044733445744153
-2.7420712916007477
-2.891268471667066
-2.9070878773310067
-2.957088787207265
-3.1224130428685375
-3.2873306177461727
-3.3840670653003015
-3.360148639893493
-3.507192309075858
-3.579981773557861
-3.577197246065296
-3.5428109378692
-3.493814999238105
-3.5182489999604925
-3.5327703689795276
-3.5844113206436754
-3.5824957824695396
-3.687856127861942
-3.847949876406741
-3.9088613689319605
-3.7740508707227938
-3.859063210826641
-3.874001959327332
-3.773927339312145
-3.77624050155046
-3.8879030901738125
-4.001210061799522
-4.068746912818756
-4.167411868605405
-4.029179282876525
-4.057788095489021
-4.100097488456533
-4.088174862073079
-4.058228314702853
-4.0179898926685516
-4.035821764061123
-4.029896594379616
-4.127164906123985
-4.1626183505530845
-4.0796814722602885
-4.082851445459805
-4.292757102519635
-4.4826058645485505
-4.493127401329066
-4.480125462465689
-4.7123437260065
-4.919422164328954
-5.012386907731786
-4.535117151413706
-4.36218526094323
-4.383107462501828
-4.3661875388095615
-4.299765256110927
-4.147712720988186
-4.093318919105783
-4.191221922196507
-4.275821082391141
-4.368099528117729
-4.590253240313156
-4.975211364253306
-5.3158688737071955
-5.463407996268156
-4.908819340866606
-4.728963461725824
-4.631792970035745
-4.411422161515295
-4.502021004073049
-4.856406870570233
-4.910132448798527
-4.713819774898613
-5.099483647471257
-5.236447016064632
-4.7391167967139545
-4.510514047926649
-4.539753854432953
-4.515817746121366
-4.3669715265696585
-4.3659282374678385
-4.4028094821839625
-4.521439987997776
-5.153150046960447
-5.880442864506049
-5.351515265452035
-5.003318600974329
-5.270748514892191
-5.411121001495317
-4.843556839389631
-4.910814963533817
-5.581977030117402
-6.1695616621997384
-5.407846795069214
-5.189902288843446
-4.874363925243781
-4.945035304798275
-4.718868828689745
-4.578923368515784
-4.648812306282989
-4.886642531484694
-4.96311317736984
-5.1131601828548945
-5.7198633424603695
-5.365481375291788
-5.35022841086704
-5.390712831027464
-5.073490416377813
-4.952531686933566
-5.346354560982006
-6.662591601322522
-6.241170768517805
-5.800831728282182
-5.769295892958384
-7.154731955180602
-5.441178281850322
-5.358586482937888
-5.419062380191166
-5.983838549254945
-6.315382056858805
-6.717351070836636
-6.213498079408249
-5.21913079517116
-5.0010035614762876
-5.056393162590633
-5.4054104725346646
-5.115839465315938
-5.048782450629603
-5.069621588043987
-5.275131988084558
-5.447051853034392
-5.136674828930077
-5.237751953175585
-5.524035216584581
-5.571160636502914
-5.711598557189868
-5.161343902536782
-4.712998543106166
-4.671420593909036
-4.93759425414938
-5.065224638968569
-5.2251384298226835
-5.402164968099151
-5.4771751387199235
-5.694228651609509
-5.944062088245315
-5.524813774617925
-5.462647591204268
-5.480044449569675
-5.062804250961338
-4.88744595207907
-5.031214759462441
-5.658265038860709
-5.706305380049839
-5.675046016563677
-5.720584684675979
-5.789173823716864
-5.974764579272465
-5.806357198673626
-5.986128788972715
-5.690401862188673
-5.387052769400715
-5.42739305170592
-5.459552458796605
-5.699095792757624
-5.672191219752792
-5.57663991153915
-5.4415691247132125
-5.404893655861047
-5.515650747007441
-5.494603595413449
-5.757870907898697
-5.76117156438118
-5.653777325024331
-6.002730680202924
-6.2984406693973005
-5.859992200295341
-5.56699912747586
-5.85090283877748
-5.4894751658886385
-5.260763710393742
-5.508388471607192
-5.431712332699253
-5.135402363948057
-5.343101784725345
-6.5441642136211335
-5.295583625447061
-5.171472475221938
-4.984024924275907
-4.706853005810227
-4.648646309967695
-4.755878176136546
-5.120345437203384
-5.197335497832849
-4.915098620969844
-4.688812550834798
-4.767788105425119
-5.22481214964386
-4.849232674144195
-4.813633489325167
-4.910465483873984
-5.270299797036051
-5.455035259980703
-5.174238423022623
-5.021699683104611
-5.3767430784229955
-5.244530385780187
-5.415698484309314
-6.583043258304695
-5.2807175885929
-4.746250404348586
-5.4805688909444905
-5.641878618571201
-5.118211220423928
-5.151125100498409
-5.677568656511711
-5.208890785392378
-4.8810999551439105
-5.184126230526476
-5.0907376136776685
-4.6840358465404694
-4.663471394292461
-4.863928624055955
-5.153514298759231
-5.811242495374217
-6.496767923456791
-5.399258963727595
-5.160889271654262
-5.010099087433326
-5.368447514495777
-6.741948295782454
-5.845570755906895
-5.3794629744312275
-5.306339344689548
-5.558876295270506
-6.035813815324104
-6.290853651460637
-6.054209084800343
-6.344435662329006
-6.14372571994364
-5.955300857428825
-5.57285454273022
-5.132344101401197
-4.9480643214410565
-4.783498469504039
-4.759622922840615
-4.741303124173204
-4.594581807312303
-4.485272801800089
-4.673951839828277
-5.001481559783915
-5.488960062814564
-5.8257283860343705
-6.127183274424083
-6.47635960674066
-6.074511759493854
-5.607405606980687
-5.584232719805128
-5.637322035414069
-4.988685061947
-4.969668737472086
-5.082394908105667
-5.124382016952082
-5.049934289914073
-4.986776971272004
-5.347306909370855
-5.683872569642248
-5.576617789746334
-6.016835954702885
-5.769675108264341
-5.7161686729543995
-6.20745997562733
-5.563005006712214
-5.021440743350603
-5.0683589719131685
-5.209411593275703
-4.898659390545553
-4.7011989011198825
-4.8219943173069995
-4.921731268427428
-5.132817442982553
-5.028845865592178
-4.89670072478323
-4.961121827562594
-5.335043261512955
-5.235268812690809
-5.382109597526513
-5.795015433069273
-5.707616537235179
-5.646122159672666
-5.216529882534023
-5.100952737262705
-4.9653569436848315
-5.043895184723635
-5.354455540529376
-5.655366326722957
-5.832643888380443
-7.675370489645307
-6.342829686267188
-5.579565953135188
-5.217691604999625
-5.306329999967264
-5.614545524705855
-6.284583047681801
-6.072979678995388
-6.720420222998692
-5.522026206799927
-5.053140781495743
-5.037292972121046
-5.022377437392953
-5.258703849888318
-5.848606846303477
-6.046556073402685
-5.151635834635434
-4.996531183781971
-5.157196573768339
-5.550490258403731
-5.733734710827452
-5.502554103148529
-5.347885263526661
-5.672774600272426
-6.267689753234829
-5.456334456413726
-5.0082686084966594
-4.877246183748302
-5.1499455479648875
-5.672774386839335
-6.181499691737993
-5.928095262883382
-5.36758355002342
-5.424580461884206
-5.672260118148528
-5.3965790241851135
-5.403994643350335
-5.8823212108620115
-5.410657988077855
-5.01618945632693
-5.221432082271281
-6.189302413438016
-5.353173634864854
-5.5200146670825765
-6.2209262875447795
-6.190083929613956
-5.500570158397359
-5.265839808665933
-4.980868276706655
-4.77007776685078
-4.942835109985044
-5.309651446772909
-5.319581076173616
-5.532914118613023
-5.810530422387406
-6.026190245132267
-5.022854377913789
-4.6945684555871585
-4.409161357318965
-4.160838232393843
-4.25524023724506
-4.360609159359473
-4.268047721544382
-4.312577223834295
-4.62798680289603
-5.3182402205734505
-5.3628876618424846
-4.762982205237711
-4.629976241413877
-4.704118460883455
-5.166917870356634
-5.270621982001827
-5.260934703780127
-5.417012161359776
-4.787332237213728
-4.3833231020954315
-4.220187839189993
-4.336539511639633
-4.718128565344486
-4.724097215692948
-4.515695042999475
-4.747596325881506
-4.43478122357221
-4.338563371874431
-4.172336948862545
-4.225113648314887
-4.357487222840128
-4.534791973570051
-4.678160010120207
-5.044659257132613
-4.976422880294047
-4.531289944222356
-4.139230178183571
-4.017309040139891
-4.104137619197019
-4.091360593689655
-4.007089250801818
-4.109283671591897
-4.051050468294156
-4.03961024384616
-3.8830071867580926
-3.790661304898874
-3.9045728467102965
-4.069881112807885
-4.209879452076672
-4.090645354512447
-4.017961611458298
-3.875115229526072
-3.869255090612048
-3.825269046196513
-3.7820464566864205
-3.7178984677406506
-3.521972783724304
-3.378205956155679
-3.4174555908829936
-3.4252662940918044
-3.3668444080336215
-3.265576722036005
-3.1273826482824587
-3.092185681837283
-3.1748002404404385
-3.532322724491001
-4.38677214626334
-4.033599660402064
-3.4120650029045363
-3.1149265891549778
-2.9673950919095744
-2.828494954941872
-2.723879412062845
-2.7263639971003095
-2.6004143359444036
-2.008748326837862
-1.5312723125081305
-1.2320651108288394
-1.0290817913101007
-0.9175845507914064
-0.9528450040696536
-1.1312940965450542
-2.1588414437039662
-1.4542269539330854
-1.6229342838487864
-2.395143442770424
-2.1754601154665814
-2.2836975913251916
-2.513972635377906
-2.4470963891202477
-2.5674050998526656
-2.6626864201177756
-2.722573022643787
-2.9089835611569117
-2.9683216778031025
-3.1039566259233236
-3.241302999212338
-3.378589596811678
-3.5217410209045927
-3.4659081486907075
-3.482913898193429
-3.566802549201273
-3.6189470816103566
-3.7392944483113224
-3.6065118271525307
-3.532476075844108
-3.511531905682603
-3.527344872697108
-3.639503067292082
-3.777281494341987
-3.913790015679505
-3.9697131261886356
-4.065262846803912
-4.0350882633975536
-3.8740827833155005
-3.721020225893887
-3.7129625281634495
-3.7991168658718197
-3.899597537745171
-3.9773216451411035
-4.028950225066365
-4.036365679439479
-3.9536862640879775
-3.894483378998355
-3.9154452277913516
-3.950679224062004
-4.096955598538677
-4.101087744174853
-4.152040532523528
-4.206516506711625
-4.267929931825248
-4.256087039641159
-4.19860098887285
-4.231511716445944
-4.491184741698582
-4.811610107671422
-4.679261040995295
-4.47954162556436
-4.599591190357243
-4.6875582745384206
-4.708281095201304
-4.418553628270206
-4.4561800393570605
-4.569956022836603
-4.581432311709608
-4.748041372334335
-4.719809802762987
-4.652923886954098
-4.547139638055103
-4.410660053004548
-4.660366873895582
-4.7013918419082135
-4.653345600142354
-4.632255303649983
-4.514771827324873
-4.547212063766283
-4.840722449625969
-4.677183909947687
-4.651541875484974
-4.653071221904457
-4.616877667560463
-4.533232281876464
-4.5533497180436
-4.574461383534266
-4.365231988991897
-4.2115394419825245
-4.197048714173341
-4.331330712842962
-4.424677092636787
-4.449769029841592
-4.39714830463445
-4.33332881624921
-4.345766992234137
-4.395989838049946
-4.3914818946708225
-4.48354714603437
-4.548892484779665
-4.822017955890177
-5.113138304118301
-4.922320618303387
-4.689573294132487
-4.650155133992355
-4.585163533509629
-4.5744210167472605
-4.582771252894274
-4.723096610062375
-4.767470619904288
-4.505538647271585
-4.496460815601208
-4.6004654588759095
-4.76016233750802
-4.829398433068773
-4.683165734763842
-4.565199203554509
-4.707959463772992
-4.7813195056922435
-4.753840532487491
-4.645575267070867
-4.560488903727672
-4.628940277652179
-4.835953658304326
-4.710219533013072
-4.390960053440755
-4.500025798247974
-4.812833798227916
-4.997049268645191
-5.012630646270791
-5.051379568946439
-5.181946994546905
-5.01378395429295
-4.744941200550169
-4.783829311770441
-4.6621110307782585
-4.479008250484655
-4.46848599642839
-4.562131068258377
-4.595979707834256
-4.694834050010879
-4.710308924443388
-4.867824038547699
-4.825886598552861
-4.683411011816219
-4.813657200648938
-4.953599552333211
-5.21812856068799
-5.5952645762064765
-5.568287850710746
-5.52403553989047
-5.57472107240199
-5.374844296799099
-5.022377502175091
-4.822222990447123
-4.626759196945643
-4.572352318785032
-4.576942584034354
-4.673306304545405
-4.682909049190765
-4.5762842056669895
-4.498098936910739
-4.483165202628109
-4.59055929711383
-4.629784839495171
-4.841300275689943
-5.039980609636502
-5.196981299055554
-5.489964580992006
-5.169056098840259
-4.905090635026482
-4.83030131308802
-5.080732671246338
-5.338957123202439
-4.973794473718714
-4.927079054418931
-5.018862702202925
-5.019994082063119
-4.989982573193633
-4.984496472957876
-5.069015494092011
-4.992994341255356
-4.9157562921981395
-4.830246765439933
-4.942453497174857
-4.889530506570458
-4.8734870814621996
-5.325084110196222
-7.85099349900929
-5.557817473020033
-5.187281657695168
-4.899872268032436
-4.7912434172748215
-4.811690093525882
-4.9506681267112835
-4.8260181682042855
-4.904699036246764
-4.905985202212173
-4.9101125926765485
-4.675216302072328
-4.456143625033647
-4.4987612848550125
-4.728786105022804
-4.960229694388293
-5.194176691704234
-5.129532226912764
-5.211414919441679
-5.5841401898316585
-5.5652317294499705
-4.767160600743418
-4.960291917948291
-4.9812199021744545
-4.884735152518473
-5.090367014886445
-4.9271852595493195
-4.7018861747050416
-4.636248689871428
-4.64868388774746
-4.588403527354246
-4.8705289592332575
-4.777478664470146
-4.602938192793275
-4.704218309394359
-5.052197494840806
-4.563434300863649
-4.673600529602293
-5.10244955384307
-4.87312164417995
-4.8002942149474235
-4.880301431843696
-4.70278245874605
-5.309905182534317
-5.634199083726546
-5.99544082850391
-5.30047405029447
-4.965072297436422
-4.988192166607618
-5.346724792323021
-5.201929072495059
-5.153375898881555
-5.035578420963497
-5.231263649519475
-5.258202317118844
-4.689182973141281
-4.572363196444177
-4.803291110579629
-4.927399467085263
-5.103314336553404
-5.093128123593109
-4.91614926242859
-4.815339685545956
-4.874305179314306
-4.824619796588283
-4.556233598884053
-4.527010433132993
-4.771654982430022
-4.853567898773845
-4.966452024337124
-5.4326690839655125
-6.632691293307275
-6.046207285284094
-5.504615149327139
-4.8695377858501
-4.670334252398562
-4.737420184741796
-4.723040091730185
-4.631370522378969
-4.671442428168811
-4.899952901068461
-4.888296287301661
-5.228162260658708
-5.06033667855448
-5.020159176604709
-5.158879190586348
-5.234954366964804
-5.84669412733063
-5.371340009391518
-5.126397490275493
-5.0869486547457905
-4.959333361461838
-4.776835418493578
-4.590100853214755
-4.695182664134168
-4.836382129374736
-4.930394898331807
-5.023990973890992
-5.284712218288339
-5.621642506005045
-5.226493035826904
-5.037626843271144
-5.154893795755273
-5.148112504907194
-5.360011081937562
-5.827309808140948
-5.7602643395970095
-5.251584231030815
-5.048449581655692
-5.001631760742233
-5.236223868825523
-5.187618615155593
-4.923298150733602
-4.7974992847300415
-4.841118223177871
-4.703986435071014
-4.6666212574419665
-4.559380620478076
-4.50758231033634
-4.484852571939476
-4.663086956473148
-4.944535583724351
-5.056306401549201
-5.275461946591805
-5.544921868590415
-5.71039309440917
-5.5331140303526425
-5.15008967974442
-4.911693543534189
-4.907519903304088
-4.785429466930669
-4.625310479696822
-4.7424898664222335
-4.805971355876043
-4.674751090599776
-4.537089022808717
-4.472021910918272
-4.6588497130993725
-4.715091254468055
-4.852001098130972
-4.863094207657227
-4.708742851681041
-4.680591741274924
-4.926728331638372
-4.847541927750548
-4.8004617958463545
-4.79957024640692
-4.791178072002639
-4.917887628595319
-5.075848542413701
-4.7604074688463776
-4.794550073266303
-4.92454628491545
-4.9535771437547735
-4.915212015139486
-4.650079500393643
-4.573877124264963
-4.572545533306565
-4.682986827404165
-4.705412952001624
-4.769885042847538
-4.672193932120646
-4.67107744290487
-4.661784854430453
-4.718135485337764
-4.620392246455259
-4.544056159717957
-4.467035050498751
-4.538122830403808
-4.646468817203668
-4.652588015387893
-4.80551543441085
-4.866944702351127
-4.798423125373722
-4.743680004907068
-4.675689244365847
-4.648071848375126
-4.586422564534538
-4.628714028447893
-4.600223340467837
-4.6175039603864985
-4.638537433439719
-4.46966121089978
-4.4341684111430215
-4.281229852063108
-4.2097064576067895
-4.188976687174725
-4.220727754190775
-4.360292466138807
-4.545840969900518
-4.454277933777795
-4.280454223890265
-4.17331577517086
-4.2606947909590955
-4.355284276760976
-4.397604731103351
-4.491877265702893
-4.546819406485305
-4.733719928591679
-4.550859079213013
-4.3134391263633205
-4.302234770758262
-4.490242432582297
-4.506313779887151
-4.3305010600030736
-4.204928254877576
-4.274070270593531
-4.285083153240081
-4.24497688643258
-4.349884560877694
-4.327229946111271
-4.3481492609330035
-4.3536476907777875
-4.412969265973152
-4.4385841440345954
-4.297805667134832
-4.281888323084222
-4.2412612546038515
-4.186013100536931
-4.111677441545601
-4.047051639420055
-4.022532088583725
-4.008264313221217
-3.9630188695830695
-3.8706117249487066
-3.847398287750615
-3.876072121715153
-3.885176359567104
-3.933746077216051
-4.029579287639296
-3.9876273974009475
-3.912552488721648
-3.8550247753116818
-3.8311958138138538
-3.7649651004354228
-3.6242647818618985
-3.460820313524689
-3.393653703567304
-3.441857235798491
-3.441219891177171
-3.3108328041211874
-3.1402402987169045
-3.067769328109856
-3.0937812603551818
-3.2582972986665464
-3.695863060337291
-5.063122741876793
-4.009285127059523
-3.352373503573498
-3.057036823596164
-2.867162545623193
-2.8437948944482336
-3.1965280399254112
-2.6347139982922534
-1.8020452018560629
-1.3010563803229995
-0.9939764384971781
-0.8653053957514018
-0.9327068747684029
-1.1923086089079955
-1.6569857428519574
-1.5331745923827487
-1.5563535364935412
-2.0563134550472593
-2.041524767967874
-2.1865788539242144
-2.413863284553568
-2.3709788963724203
-2.401765350408098
-2.4311366715190568
-2.468990260848369
-2.5879732000560534
-2.7128041911659344
-2.8500463885481317
-2.9788597962357035
-3.0633511717048734
-3.1556433981040706
-3.2480864556789726
-3.3399879868800513
-3.3742590951721634
-3.402630542420857
-3.4570535031048606
-3.5093764237000626
-3.532673925219347
-3.527614275331493
-3.5089293396812176
-3.5148252667186406
-3.5895132939115832
-3.663676634198124
-3.7028011638119662
-3.7694631446363327
-3.9011042555408126
-3.9312415712981954
-3.859535639054962
-3.8111637104023037
-3.8302255593996946
-3.841396136559451
-3.852301440784369
-3.911207301381562
-3.997722011332852
-3.993596673011761
-3.9854479287434175
-3.9157846898861135
-3.956992319355324
-3.997214379692564
-4.010863441496308
-4.050614401005972
-4.090915371729271
-4.08908515326597
-4.138225745948758
-4.35518160323984
-4.256090713849661
-4.163177914399837
-4.2977031008493904
-4.58781526444237
-4.613728006684156
-4.386860261503683
-4.537013411533707
-4.69869273497175
-4.5445353874692955
-4.398468778500938
-4.44296007254643
-4.569210330693675
-4.781742718486599
-4.887529945802346
-4.853130942776003
-4.628782908848615
-4.490384840482036
-4.546196522514666
-4.691197363130424
-4.5978473223042196
-4.637082375723149
-4.7962617974571105
-4.857638144532156
-4.876014840824603
-4.824212383430532
-4.671671990368831
-4.672707794848887
-4.52961095601119
-4.472587830940746
-4.601952909044381
-4.634894418891369
-4.598197138375531
-4.625272044894708
-4.422544484182744
-4.295031569262856
-4.420508546099047
-4.5443354605692265
-4.532757615137076
-4.3550941377774235
-4.322912315596447
-4.325939479733206
-4.365514194071042
-4.45608836941743
-4.580762670185564
-4.698759805337338
-4.8518138011040355
-5.001165142398619
-5.064614912595785
-4.834888673385698
-4.791814422178077
-4.906938935491522
-4.867255305574727
-4.794463260001076
-4.88548862523908
-4.77231681597891
-4.767741646647267
-4.816041975695287
-4.688507614652931
-4.734376202697545
-4.7699686665198415
-4.701085805189339
-4.6720682072494215
-4.798577337592686
-4.771203903712703
-4.77483952755326
-4.688080705417685
-4.561307587673604
-4.5819125272962795
-4.746488918835788
-4.646853830857872
-4.544935505270163
-4.718017321405446
-4.837834827848167
-4.928575266190994
-4.903764822791168
-5.0692256282705985
-5.42232072126975
-5.353387784756765
-5.0374857281886865
-4.960544937085539
-4.845374678337916
-4.690936010667355
-4.660346997770739
-4.7689329166864045
-4.784687441990391
-4.7116185920131555
-4.6985374478567525
-4.7459130238558584
-4.925176111738816
-4.854059203509897
-4.700548741333665
-4.808425355896237
-5.020769112810958
-5.089010544494172
-5.0708120559624925
-4.997014234461618
-4.964493693445466
-5.106637258179783
-5.1645788102341585
-5.048701747064503
-4.924973471027589
-4.939254374848526
-5.188876953320373
-5.094785703319808
-5.011816444069745
-4.739879006948762
-4.582283774692442
-4.608734059511645
-4.69678369991568
-4.751545038001298
-5.035239956886962
-5.463260625895012
-5.432243101639981
-5.354456654322725
-5.009230994224382
-5.028109227672674
-5.088908348016233
-5.079083297573473
-5.231068700009081
-5.375885460724761
-5.323920962871473
-5.262238655175982
-5.107573862771377
-5.1354573641993495
-5.012513159876752
-5.102531142577053
-5.013424734839525
-5.152483721083068
-5.185402578054985
-5.084061863051483
-5.015375648015252
-5.150040930632454
-5.346389820688575
-5.495467994110167
-5.249183437310331
-5.098442478428649
-4.962488151494429
-5.07665999567481
-5.2774092377073165
-5.304392086342816
-5.262056556526238
-5.247665813861547
-5.127970074681333
-4.964806840663135
-4.899862820994183
-4.8070572679313734
-4.873069031902342
-4.843284345075373
-4.91935394250294
-5.130820102863693
-5.365917253667697
-5.302211490790833
-5.263501869466113
-5.166628248970758
-5.021571312183196
-5.3531216674153175
-5.014681112058951
-5.133696950851147
-5.669908629975943
-5.180215686153345
-4.671878547423253
-4.436558127786739
-4.490904027256405
-4.93756052873885
-4.943181737364519
-4.524001248157719
-4.7691786463320245
-4.795258554157915
-4.648975784472231
-4.539915512142596
-4.9986489096067315
-5.106880302382589
-4.993702800845614
-5.142146590434253
-5.222625409013163
-5.419674900441874
-5.696924951741382
-5.832971821899114
-5.627958303337304
-5.3630449322739855
-5.879965781188711
-7.03275823254605
-5.46124336480567
-5.115510020669183
-5.147066433425728
-5.292924435619059
-5.5391994617329345
-5.197736764462429
-4.8216656521894805
-4.745540618905404
-4.824750957180141
-5.177526473664908
-6.3139929006224325
-5.335387779077064
-4.934113133415722
-4.9592726725759055
-5.142640096334326
-4.878932462888517
-4.862472815326148
-5.0100817138827765
-5.3572648978830575
-5.136477398217385
-5.321935910382327
-5.079784393138795
-5.302689441919446
-5.1454859058214035
-5.010207636976317
-4.915018867950461
-4.807808156496689
-4.9384240247108675
-4.95681678485314
-4.976429064255072
-5.287162418976906
-5.268024108553328
-5.426243011000551
-5.830126836586028
-5.492979426073929
-5.451649206578037
-5.28663658127669
-5.723291970618968
-5.427497055580791
-5.1990285923883715
-5.311147835894168
-5.319784212150731
-5.245317547264133
-5.02790206160447
-4.814034157326474
-4.745487080303917
-4.775970829653712
-4.891661272714238
-5.231929821558842
-5.30859109254709
-5.244290462419514
-5.0285750637005835
-4.978332950664416
-4.967350939678449
-5.0279535391401184
-5.587774899122443
-6.428368011758072
-5.479136375661875
-5.185680112146315
-4.987034279449859
-5.131240170984383
-5.2565425565275135
-4.9511732987830905
-4.864264742600509
-4.838927140390565
-4.766140203548987
-4.695613822782971
-4.757828065091583
-4.719276064013818
-4.85993476742763
-4.9588133440122375
-4.909240230763076
-4.956581538959468
-5.418958981522372
-5.396592688120926
-5.480713245951391
-6.087837982775815
-5.574049111551151
-5.148989198786723
-5.108215660095349
-5.144374895162598
-4.888233668704572
-4.708098222747863
-4.7988290941613645
-4.970205642040003
-4.757846467436542
-4.595116417849552
-4.612023247769553
-4.862902542824023
-5.115304938000485
-5.1281365876918
-4.826844548951478
-4.7506540862178275
-4.932107224308718
-4.813092434795533
-4.699039167662637
-4.819619212697636
-4.826176410593443
-4.7383017072045295
-4.766010810415494
-4.793262263563939
-4.752737473066721
-4.893554754357473
-4.7880304256037025
-4.894489793755026
-4.960352912952565
-4.812400090905368
-4.836762148566005
-4.7463564614245275
-4.814207076407984
-4.913999366447669
-4.934900951038481
-4.760150168917399
-4.897010823805628
-4.997369899126724
-4.962795437010676
-4.887054236756688
-4.593441953962631
-4.4327075537003395
-4.589023114824786
-4.823144452554409
-4.810741676621669
-4.817232938467041
-5.037024816655619
-5.262940065902332
-5.295310434364108
-5.084061735047052
-5.056110428173373
-4.903424150158137
-4.73806250886115
-4.681755736151605
-4.726503804353418
-4.567576856431676
-4.439616830152984
-4.3943993739118765
-4.170512310311084
-4.183553966354551
-4.215068407793354
-4.18415437380732
-4.297689755186687
-4.335950936324489
-4.311710937512388
-4.302463979477218
-4.293834749463211
-4.2982336958307155
-4.316250637221094
-4.332979311575673
-4.3226333478616
-4.3710935782095195
-4.495133976717841
-4.462501743957523
-4.411154488776717
-4.311550872590018
-4.361685139818603
-4.415620713935886
-4.259877101267245
-4.120659879042692
-4.210194945680351
-4.18544162108025
-4.168925961620504
-4.2708883743706645
-4.332576303071294
-4.376163156007341
-4.4483344863317
-4.59845728760201
-4.789851437389017
-4.445240444115364
-4.277265893783796
-4.178211879358828
-4.1563968269304725
-4.157651935432048
-4.165271741128829
-4.138771737572053
-4.178765165176269
-4.1385333740640995
-4.028815435075219
-3.910658114662823
-3.8722387742648046
-3.845950232254444
-3.901354427683446
-4.018862594507703
-4.068587753224766
-3.992324495290093
-3.993228665291498
-4.043375710302328
-3.9443499111158675
-3.7221010288981256
-3.5384625805204735
-3.459266089644517
-3.5408282944082017
-3.5824110639752518
-3.432715070464079
-3.2272968447259274
-3.1397082361035977
-3.151750892609094
-3.2689955627242906
-3.637387152456626
-4.590306277837395
-4.386830312100671
-3.557687882421284
-3.1824827551918293
-2.9595268016710103
-3.0199985976879633
-4.35794616470235
-2.5488417769599447
-1.7096654458786622
-1.2476926269873132
-0.9790204245260163
-0.9048616684714775
-1.0624979354181274
-1.4462736623517267
-1.8346125103370277
-1.3588981088901309
-1.7204672367371414
-2.3636693487637435
-1.9636167797117758
-2.32697040477566
-2.509647254361003
-2.370736948075909
-2.4382873245032295
-2.415624687034167
-2.4654904836569558
-2.6014613576426058
-2.695446137361082
-2.8693286869837338
-2.9732855046479645
-3.0184905064307492
-3.1505665378075838
-3.275364185567488
-3.3820936666488133
-3.4241362852780766
-3.4727586307171205
-3.5425631901915575
-3.5497682553647087
-3.582469797250978
-3.570627902964791
-3.532192672544157
-3.5756465022688713
-3.6443094869073467
-3.72058199302901
-3.7562339124761137
-3.7974604980465565
-3.8289405827639444
-3.848727932458236
-3.861321967103569
-3.8928809789163434
-3.91512043126436
-3.947448269535332
-3.9479588372006527
-4.041246770278666
-4.105830764483867
-4.0794221599800515
-4.066294628517367
-4.013483930911585
-4.042695894074017
-4.101650626535275
-4.083060398708306
-4.137816647922298
-4.16297053911305
-4.107588882110244
-4.1374248971512575
-4.319523336486408
-4.296237311689762
-4.289167894163984
-4.465528554288995
-4.750951030184063
-4.659658626207024
-4.558429542893662
-4.864876026978296
-4.871194180763819
-4.550349338357593
-4.339516538861199
-4.346474296619942
-4.46639008394052
-4.7364443219699055
-5.110032191896602
-4.880007244100935
-4.63600951623059
-4.512044588442035
-4.638235621989571
-4.907719587682236
-4.769044814540874
-4.742388635661353
-4.875078221460064
-5.042963476766748
-5.171991927060149
-5.009479057287732
-4.827795489171493
-4.838138862650986
-4.675927985032217
-4.617769628736531
-4.75960498382433
-4.689566072078503
-4.5844999043491175
-4.626799797260098
-4.482632071702331
-4.352847587335679
-4.452011637918605
-4.564315579884061
-4.606809965502554
-4.501321621516146
-4.579774673658662
-4.701908071634906
-4.76325143480871
-4.672978061572082
-4.711898646129702
-4.929998300628581
-5.2237707540375125
-5.4587767421082996
-5.323228193630705
-5.127454753467624
-5.0942691671216025
-5.039223756295776
-5.088839661480387
-4.983240151098156
-5.0406226492847575
-4.784468646339078
-4.764794477600005
-4.933686787559589
-5.049375428163539
-5.275652330640342
-5.1923282609432215
-4.949666299123736
-5.041486908648787
-5.252515501737809
-5.215454417896534
-5.047477270014612
-4.942765164314124
-4.9011503945857795
-5.077031772021971
-5.053936469271012
-4.695002476548862
-4.682236392753081
-4.982085648905059
-5.135635859921819
-5.106367988972858
-5.1549680968505305
-5.391492419966342
-5.980025320873273
-5.876046810322909
-5.857797263825878
-5.529124442284545
-5.047437340515756
-4.880635894203827
-5.050078495889664
-5.039144170623588
-4.835144165565752
-4.674212545046042
-4.790114033815543
-4.858298789776364
-4.971049982586573
-4.906015436430256
-4.869118991143072
-5.047435461007889
-5.094339187906614
-5.119423898008784
-5.121312963232365
-5.066781583068107
-5.118081619148593
-5.282524452263431
-5.329356759917924
-5.288612880917263
-5.122586086318225
-4.969943054147282
-5.043490069340279
-5.057954834501225
-5.135209958122845
-4.914814609568456
-4.634408343624833
-4.64664287860502
-4.60209784981419
-4.61819469413246
-4.839978321107391
-5.124659831353953
-5.184127324153938
-5.273223776664372
-5.15858249964029
-5.110887129676271
-5.341265286638062
-5.432928642204223
-5.303360034033099
-5.319840637302815
-5.37849562324487
-5.3593148462777656
-5.134941851527548
-5.309462319599682
-5.32462473248239
-5.259656404709323
-5.105729604235022
-5.071415509774625
-5.2359833067155535
-5.28747743040383
-5.0498644190962825
-5.143861034921583
-5.324757401265945
-5.440316008132396
-5.507744955270999
-5.385621260151291
-5.154392554152343
-5.212817181382025
-5.269877784775219
-5.21903751371604
-5.11822387130881
-5.191779053592417
-5.443755221832598
-5.578835297393218
-5.418545132364399
-5.1635597373711155
-5.240767509156218
-5.096059171257096
-5.0556266254850195
-5.061801437152394
-5.272294770200508
-5.241796490546969
-5.2426297984536046
-5.35013800198015
-5.307865059364071
-6.0892534236983265
-5.525079930032853
-5.360328139924826
-5.980050957957462
-6.42329257415579
-5.763087683298158
-5.08890300334262
-4.921224896405601
-5.16461554849785
-5.857724894135181
-5.177652549043793
-5.383423809575541
-5.2621962425235
-4.786321484298533
-4.7150322395341835
-5.290308218500162
-5.175516254029598
-5.202258458960105
-5.377744441938783
-5.084385123967902
-5.033279421315021
-5.192300632311955
-5.48123756836532
-4.999150351202166
-4.735885588250908
-4.845483270384666
-5.130690892407984
-5.957370027493798
-6.059418072029051
-5.50197536391044
-5.66754339198158
-6.063805585549267
-6.131053118954659
-5.727266371462844
-5.621403717763533
-5.345385878836164
-5.333134532395432
-5.620097355712861
-6.662963309199274
-5.8061935941357055
-5.459230322439544
-5.871175466886627
-5.31265980099216
-5.1928262103801055
-5.358866833979044
-5.6628083920239085
-5.52975700192112
-5.813618390623943
-5.8921623263663525
-5.692624963983106
-5.808963229462022
-5.6392602585151055
-5.414315189901676
-5.225075851985661
-5.216079614826426
-5.1659774040786814
-5.168377985289133
-5.293219373130421
-5.374300804504213
-5.449893029572288
-5.505887200774734
-5.326676294327342
-5.397685465259981
-5.361974313806551
-5.4673904666361075
-5.735171470405193
-5.599470999426836
-5.566578033831292
-5.670222119991685
-5.557045940415035
-5.846480319468813
-6.221122448286778
-5.591650714120753
-5.251548468628883
-5.13013830206432
-5.1983398657231525
-5.378133122490564
-5.389758043443562
-5.424454118967264
-5.433116547400474
-5.458224523927103
-5.466287620183836
-5.707853084543702
-6.47969778017443
-5.977547993219019
-5.693985631111313
-5.5568750403619775
-5.631336913539697
-6.267293138432707
-5.667952706748357
-5.434309696779965
-5.441142561549811
-5.2633839237398945
-5.0376453506394565
-4.986644032091082
-4.913692701986005
-5.032693294730838
-5.302247089207774
-5.340088018360112
-5.101136274564441
-5.163071447972005
-5.204017823788838
-5.215284781894552
-5.548291933612337
-6.2250638657058674
-6.011132681767368
-5.512479769358241
-5.487414673436982
-5.392231502690964
-5.3279145668200245
-5.454918032085114
-5.514017449846403
-5.49642656620851
-5.230986698314379
-5.116643147171557
-5.13366366249131
-5.3792589933827095
-5.782403623927933
-5.296252259079445
-5.151050119831981
-5.389049369787144
-5.607854974946205
-5.366751888228766
-5.245038390813562
-5.17136219728655
-5.228909315035886
-5.4008927519274295
-5.459281383810211
-5.317157019224471
-5.350652335159078
-5.215314413634317
-5.274050949800055
-5.4693705066276
-5.240993832363367
-5.187799290516885
-5.34051752881817
-5.4430424400471855
-5.4533999525715675
-5.446805504861108
-5.164552675295018
-5.147779299113141
-5.151503536400267
-5.284646625062639
-5.431361081957266
-5.219289415075529
-4.975895793476009
-4.972043500900057
-5.148731530431812
-5.411932066270837
-5.529922711815941
-5.4996439605053675
-5.755432220044218
-5.697607605197551
-5.633084754697564
-5.673429973447161
-5.795858868232348
-5.717708160191872
-5.453241219597408
-5.539052534973673
-5.325454290674675
-5.417750290363562
-5.27857890621301
-4.8579991433006535
-4.841335857733229
-4.969987854881531
-4.936288156119718
-5.233565661000466
-5.086011944499732
-4.884093656214527
-4.7942648425404535
-4.838048411644501
-4.941391581339234
-4.988803894797783
-4.962612715296278
-4.8973447267678
-4.99255999161469
-5.053414610778237
-4.852843117503625
-4.891613772856753
-4.905839678258029
-5.018017567083312
-5.0256813286528015
-4.803088426255974
-4.675762200899357
-4.778758165412585
-4.773149934912704
-4.655783822009371
-4.638208304077908
-4.64658643864749
-4.661468193520607
-4.675642265321343
-4.768472845953028
-4.991329848478539
-5.033073007438602
-4.943848640706535
-4.742292858638116
-4.704707337041864
-4.674199490613877
-4.6310141860617735
-4.62528635950962
-4.681788722110558
-4.848585656017242
-4.948336255427643
-4.714250359697573
-4.530597173395137
-4.451625871600323
-4.462150889709796
-4.535265553019379
-4.619003514156939
-4.595933298893066
-4.6954089815116395
-4.768509609762949
-4.539155592985334
-4.272515135086887
-4.098314996900517
-4.036979520033376
-4.126891109472481
-4.1693113665390875
-3.9697341094791008
-3.69480854842589
-3.5603917070208615
-3.524187282587609
-3.577089821985504
-3.7844093662409084
-4.132524372740938
-4.4983592879651155
-4.207759262898746
-3.8200699916881633
-3.600750758898011
-3.7088990223551415
-3.9448305994885584
-2.8139134057901387
-2.1257093445129303
-1.7263305029289147
-1.5026025725186707
-1.474207820621537
-1.7003459218258257
-2.166451353873433
-2.405626009895099
-1.9694927876212869
-2.5078661827698094
-2.8099791754361783
-2.489324260860622
-3.100733721876691
-3.055001512873299
-2.9461261285694866
-3.0512830857339477
-2.9861589200829917
-3.0796184912893927
-3.232306234724214
-3.3057151099149458
-3.544172543368811
-3.6174277503671317
-3.6380231816122084
-3.7950015366898358
-3.9562835096088644
-4.040998920797526
-4.055708715688773
-4.138405091012526
-4.230038361339446
-4.211023943261909
-4.25224857984116
-4.208320544112074
-4.157739391430211
-4.22293887254584
-4.311062144406481
-4.416688795225636
-4.522751129461759
-4.570239400092928
-4.476833717610752
-4.4153625818042945
-4.4584993180448365
-4.505269205859377
-4.511234421616281
-4.552481640445931
-4.623313957926206
-4.798632503002558
-4.864642534282367
-4.739602305658547
-4.7131921510781245
-4.700697168724504
-4.740845954831687
-4.721883943281937
-4.7545336312093
-4.892283735520109
-4.916378925441292
-4.8930002518860825
-5.022731965752727
-5.00737732264568
-4.89448225239431
-5.065514219310055
-5.296254184080499
-5.268599823094581
-5.000322952020936
-5.076497077001573
-5.377300358107767
-5.190080596430639
-5.074859766226293
-5.015581968013961
-5.062030543054086
-5.2843884886686405
-5.640082245478205
-5.741611907053343
-5.373277462252299
-5.198305863819325
-5.222823217137764
-5.510985185861356
-5.633623419197633
-5.454475204430333
-5.585811195627096
-5.666406883368375
-5.807949729073225
-5.532714978914685
-5.403743244155073
-5.257009671672349
-5.231442088041944
-5.142155830533902
-5.329140678897453
-5.499591910108234
-5.174413672909067
-5.130224972776198
-5.155799740031471
-4.942736721579667
-4.944168006579343
-5.15662863723908
-5.197102868434548
-5.229902093433685
-5.205940476021731
-5.4966605486561875
-6.122391224999076
-6.667752003283925
-5.886512483596333
-6.26509925446456
-6.428486629936448
-6.849900538552293
-6.02320879344636
-5.6704057234314575
-5.533631978209145
-5.516062801503468
-5.420786564184915
-5.489892066370074
-5.664726904571842
-5.583706703756128
-5.325139246226545
-5.324648545886327
-5.587831353949392
-6.108983126522336
-6.563646808007687
-5.658213445614064
-5.583169197031145
-6.1891699692456434
-6.37593308588413
-5.680721998447674
-5.393159772749235
-5.501841884096477
-5.88029288160443
-6.172791024094809
-5.628594753176115
-5.461154501011881
-5.854160220686859
-6.180522239812187
-5.880067737465012
-6.039613792010948
-6.7142024912247775
-7.024227634429823
-5.930056079722376
-5.8924594548971845
-5.976028735210075
-5.320390922457062
-5.108774624835929
-5.244709539232308
-5.610505351185949
-5.3761167843896915
-5.290978452753411
-5.38815608334161
-5.841703704105255
-5.691507844444756
-5.3461479630363815
-5.3885323530259335
-5.7057366756563255
-5.565551739737687
-5.421809110966887
-5.48760207883409
-5.637657100116634
-5.7842921138338275
-5.933668838329599
-5.748480659538186
-5.75505217943177
-5.575263254283718
-5.538400770493166
-5.363745354986229
-5.209196346669953
-5.25835481405691
-5.252865185065021
-5.0147884360927195
-5.033468401007242
-5.3033368911175405
-5.402256727659758
-5.557863721624154
-5.822943880924809
-5.8470097277255535
-5.640307954758472
-5.647896813934991
-5.907651733230637
-6.19281464707033
-6.192999824993152
-6.068702601223316
-5.7540598194650485
-5.687168563948339
-5.740026217002496
-5.524574566834504
-5.625786277999978
-5.8856995271174855
-5.818047898036781
-6.116360391593192
-6.413930324206765
-6.117184366123436
-5.960737608685583
-5.736006348798711
-5.703067912378239
-5.8400865506996436
-5.900705843492954
-6.251621147101709
-5.896706385623313
-5.792750503792205
-5.999540502643934
-6.082290980466168
-5.636470915987728
-5.4278524805814525
-5.47433290246867
-5.719630570515011
-6.0519628916356245
-5.956704218984964
-5.680290805738459
-5.440041116382259
-5.469606291283807
-5.529718304462422
-5.733707064001048
-6.024054237722453
-6.101740971359436
-5.828720111326372
-5.985312033496722
-6.438851097849766
-7.098819491968585
-6.394098176601545
-6.375394126400047
-6.455836864559116
-5.75891852907762
-5.559798178617394
-5.509216376546368
-5.584094349721361
-5.872689675208624
-6.318930144667275
-5.782445612549186
-6.027571205720704
-6.205356606264108
-5.838483193495324
-5.791371743000695
-6.184821778136907
-6.602072895876892
-6.580052136701813
-6.484033010225804
-5.9585563470895115
-5.969728064150405
-6.693470192082346
-6.439369370643473
-5.91162892743356
-5.875816433836372
-7.15770852370428
-6.35698891125231
-5.99024167771463
-5.609299437794259
-5.558732301603397
-5.904317057745864
-6.147233542454042
-5.793422292596613
-5.659341768665111
-5.677134365984294
-5.805337421197531
-5.851068508038918
-6.074457599639389
-6.114447597142093
-5.926201742589941
-5.790373052836393
-5.793556588314244
-5.7788825428850155
-5.7606575763693275
-5.925194303215395
-6.161085148298796
-6.123243887906554
-6.245928148782324
-6.207704635667491
-6.068717830207015
-6.072993944869704
-6.020641612178602
-5.985222363608049
-5.841499884550575
-5.817763400286154
-5.883337318544982
-5.897348168571006
-5.9327193052517435
-5.939335575648049
-5.925252149267506
-5.964464278148217
-5.8512055527223445
-5.8999837182943224
-5.981412800425227
-5.9633602175267475
-5.952692658130987
-5.824749193583794
-5.83060465083339
-5.823147799213063
-5.816959662040351
-5.8320002177335235
-5.790012771238839
-5.821655349009712
-5.82181836249803
-5.797822853291978
-5.842924413010273
-5.843942381922843
-5.858243369213626
-5.842724696009895
-5.823461013745777
-5.850597681536635
-5.936561506392367
-6.029059621048709
-6.017623925833606
-5.9542784221619725
-5.8763389744403804
-5.845334735971034
-5.868297540800129
-5.878816607755477
-5.893799014282974
-5.868877815480852
-5.821330754386114
-5.783220977468858
-5.802534194686464
-5.826531114456002
-5.890772341672523
-5.9110514776400525
-5.842866514697093
-5.8503440814830165
-5.862909148673053
-5.851871103918816
-5.820491183127697
-5.941538098731169
-6.032531911548379
-5.974990511795624
-5.913934756451645
-5.8327838572693995
-5.754389373212597
-5.762163337502072
-5.8136266579620015
-5.884945897418417
-5.82526210090463
-5.741571959047632
-5.7421780665412525
-5.756817524319034
-5.79093427404676
-5.788620201033986
-5.786753899165973
-5.821681890352657
-5.83636535116628
-5.875897657309163
-5.870074930549921
-5.854334116583334
-5.825655685597412
-5.840581495644499
-5.909426049238903
-5.859277505755097
-5.781090970822081
-5.747490390557623
-5.733511044453811
-5.703576630152545
-5.72326506296151
-5.741137908523222
-5.718392742361171
-5.701605590099429
-5.666645012055176
-5.683895385269278
-5.654975438860324
-5.614967177781935
-5.571668997820589
-5.547957253726966
-5.536275184045319
-5.592216084253756
-5.638941986387465
-5.576774935595744
-5.587958678961768
-5.667704232280828
-5.774118801228854
-5.880620141170299
-5.864314292346441
-5.7461114433870835
-5.720854622566391
-5.711303532951904
-5.635509713394189
-5.629533629715768
-5.640768818830874
-5.626513982517353
-5.616381550870992
-5.573415434687493
-5.535239148106876
-5.508090362035862
-5.5085275888872225
-5.37227645625279
-5.354658469172593
-5.434894276081731
-5.535413928556296
-5.54994307247503
-5.549064775764887
-5.4486844342414456
-5.348327421046289
-5.225154022842981
-5.232192217403216
-5.3507437172025885
-5.363479287855932
-5.305981110579299
-5.380618194954739
-5.524976210139965
-5.417946054914231
-5.194804355773651
-5.163166159285692
-5.202440731755437
-5.255549283635881
-5.149890669648844
-5.04344899787786
-5.067144751419318
-5.227829671354654
-5.222381094372303
-5.125265653632337
-5.117700567084059
-5.098995771586665
-5.0744116451417085
-5.072102371812081
-5.095969835478626
-5.123048812201167
-5.088334482456109
-5.060723946844533
-5.012332991304922
-4.977901720895944
-4.960326975520443
-4.970603287198538
-4.986384218221471
-4.9716718376348465
-4.993547303525686
-4.966169295220998
-4.908599991855753
-4.850532405242688
-4.818309620676453
-4.786215013730494
-4.771400604943032
-4.75296014585462
-4.732582074834221
-4.756414304360311
-4.8393843312937905
-4.798045258431715
-4.654842518740721
-4.54153286520005
-4.491507893843772
-4.514010144171656
-4.5054518966082036
-4.401497579194515
-4.26620564833451
-4.176345580532214
-4.168733276036411
-4.232405541231611
-4.426339778112764
-4.716750284640857
-4.786811012291318
-4.343717754347506
-3.9552247278955175
-3.7286236298728808
-3.713685125782081
-4.266153840790676
-4.1165918887255915
-2.9864244799075834
-2.4712220327399064
-2.2085327980578273
-2.185192004853766
-2.48420460795967
-3.131923088638524
-3.0942585431645067
-2.484024557328211
-3.0068195921420156
-3.3840826967359594
-3.0151503768881156
-3.9406016505720025
-3.619042036300524
-3.461266043854277
-3.644556586326848
-3.4950156022923187
-3.5685401406304376
-3.715750510982468
-3.740929962401837
-3.936767395176269
-3.9685550927100715
-3.996238455665723
-4.18994627883005
-4.31178177408089
-4.405254127000541
-4.434011965726965
-4.485034071942157
-4.601188679448648
-4.647751716469718
-4.72030679893522
-4.6387391444394845
-4.609425423822548
-4.6267444922592045
-4.683542725506967
-4.776563720125536
-4.858411552046474
-5.004243745811219
-5.0968106925622605
-5.026677943242059
-5.0572068080159385
-5.00222439416886
-4.943562284327592
-4.935554372813568
-4.981317015895036
-5.135996128302099
-5.238700538194278
-5.1602859562717125
-5.108269491420153
-5.11148650353384
-5.204634195154133
-5.15851244679946
-5.164534628702331
-5.157585083228506
-5.140455678412104
-5.329769237252659
-5.848785996171595
-5.971384917402312
-5.370021019699991
-5.382323098441396
-5.8964366398158745
-5.960310748767075
-5.489280066478793
-5.430012790407752
-5.811564491132879
-5.667598657961725
-5.440298104855857
-5.241506809535249
-5.158806057345353
-5.252404170982364
-5.433642873360852
-5.664411035732989
-5.671687629025436
-5.5738835196029095
-5.347202440132124
-5.394395679031663
-5.635850534892604
-5.516923203992725
-5.716500935238278
-5.941927280163122
-6.02906786170946
-5.91369095298147
-5.911591640888688
-5.821198711179742
-6.0299104545026365
-5.6765368264234155
-5.478226509893559
-5.667592531147334
-6.178218406427013
-6.0975286071385195
-5.977550924319214
-5.553825251541923
-5.414988556495715
-5.6328428749029795
-5.597373072431482
-5.645740703656344
-5.527060698592195
-5.5545309965076735
-5.606776262577935
-5.6719346911591035
-5.709622069459424
-6.108869391751015
-6.569347933326234
-6.316839368963064
-6.1684583848891394
-6.580455684968751
-6.601417473133194
-5.988171746888915
-5.753057608865394
-5.548631997609753
-5.621741892766013
-6.301122600829414
-6.420219193542546
-6.159225952477975
-5.916822453685974
-5.90432504594264
-6.365920354644496
-6.511912920671983
-5.78724950891871
-5.829099847310206
-5.9592729678197625
-6.277048227487199
-6.801980248404281
-6.168689238296223
-6.318544609656389
-6.604867138455536
-5.95024588774903
-5.870528660147107
-6.179132301101263
-7.469743813917177
-6.047817048129397
-5.7142532828564665
-5.763879055884439
-5.977565786890048
-6.551314733448708
-6.855619494059647
-6.165241984728373
-6.284122945360738
-7.301833452556756
-7.3383209312824285
-6.622563526154554
-6.070469189552369
-5.897789044075038
-5.67341928004257
-5.708491390925225
-5.950693170821116
-6.125167635503109
-5.914921082608352
-5.860972883984759
-6.223349208107835
-6.432406995688219
-6.85244926891883
-7.680021161630673
-6.650313860978161
-6.424049712662469
-6.539606026427919
-7.124432067460484
-6.7642725571001945
-6.537269803634918
-7.123974326425495
-7.198584841191477
-6.765759072301544
-6.573671285826805
-6.237446792216345
-6.083067346944519
-6.255810426931159
-6.657953402321413
-6.578219951902267
-6.681727968635787
-7.334030186270102
-6.124137429508833
-5.935109975452325
-6.151232103551988
-6.186938923454957
-6.2795083035051285
-6.289546226013691
-7.646880979402419
-6.616323465045994
-6.308385207883074
-6.353608016039206
-6.297897182207471
-6.784585560321971
-6.337940021418788
-6.0839528248789865
-5.971506976738561
-6.093913484077385
-6.087288489770394
-6.151694596518411
-6.395022741736669
-6.664144799690247
-6.806465510318441
-7.501868266451941
-6.661801890666392
-6.452694414271312
-6.373305837275204
-6.638947780526935
-6.938436856823101
-7.501343922497635
-7.177341111992006
-7.5165407682373235
-7.999099515086425
-6.617638085927289
-6.118061855520796
-5.986379600106029
-6.34159004309866
-7.273730439448975
-6.382999515207588
-6.374627081217132
-6.199475643875923
-6.063512974858445
-5.910412710526769
-6.010333268914234
-6.013684031566981
-6.087940527347831
-6.185675769932821
-6.339697937420771
-6.460235040176581
-6.185280942430193
-6.137592201714673
-6.220393182525756
-6.25912745033122
-5.938166133585287
-6.470911965576365
-6.585998939767143
-6.466569501038943
-6.750768316760477
-6.731858346840147
-6.575399710210381
-6.625852199306386
-6.003906593378012
-6.37226914430748
-6.301649268838198
-5.739410334563555
-5.76031249579887
-6.127895822379513
-5.9764454741656206
-6.160103882639803
-6.113805200645107
-6.375585217186219
-7.059315882025607
-7.11784255633294
-6.663262457617042
-6.772020277665529
-6.595637308628401
-6.5913826377966735
-6.639568792390691
-6.41585475714583
-6.4996499538315
-6.420779749995572
-6.836712071416941
-6.834155607845921
-7.067773143949345
-7.37648294266456
-6.989414456311547
-6.982836007250188
-6.788163783433042
-7.98118055130582
-6.880745564775861
-6.115312670617703
-6.0431440372923495
-5.9562513817815335
-5.883994375506105
-5.987515485785447
-6.179608282503987
-6.562510647370203
-6.577852062968313
-6.3496088974730265
-6.225050939448744
-6.144981812796006
-6.623617083878492
-6.835483137045816
-7.023073587482419
-6.331915403300347
-5.94832031985975
-5.766806035417202
-5.765465067977372
-5.7389003395546565
-5.770768846133313
-6.121792828160176
-6.796552297502379
-6.761791562702978
-6.669478348057217
-7.2026284118104345
-7.570396645374337
-7.956592169081452
-7.718544885620221
-7.515176362530321
-6.8693330483380155
-6.717996321742316
-7.30774884872452
-8.578877965454584
-7.416900667168944
-6.828236625717193
-7.174814086582838
-7.0546528107062425
-6.8883989397600285
-7.597429001981603
-7.6847847896059145
-6.792802374689633
-6.669678200658022
-7.089069438637681
-7.628010361346695
-7.421780787724556
-7.472259906586157
-7.226283436202102
-7.357855178483352
-7.290662338468886
-6.659842337313014
-6.503397528653657
-6.5868121510197195
-6.047514529941597
-5.8593980787696145
-5.829624803884562
-5.9130733731782055
-6.021943902445814
-5.986637609824181
-6.0534245229347174
-6.281952686486682
-6.664484096451243
-6.482765644730993
-6.173500587142453
-6.1261801311576916
-6.433831592046541
-7.0446499016853155
-6.855777990934844
-6.961044851920231
-7.112153573834788
-7.476148145898532
-7.971278690106111
-7.4014961354695
-7.1759898490145115
-7.213912840275358
-6.947597925217005
-6.519635710739325
-6.440572188925071
-6.328580184491521
-6.228942240869676
-6.272395318726528
-7.00886925824823
-7.518003974150699
-6.422731737812494
-6.062864032393426
-5.84791855720297
-5.8552416124118825
-5.889433082099697
-5.886031114341388
-5.862610712070375
-5.904709770613367
-6.018788253977525
-6.3718856139751665
-6.5633626295974485
-6.567710682821907
-6.725185406972532
-6.586666209671201
-6.933211392668337
-7.370534229088339
-6.5174216530511835
-6.221222298913362
-6.24905696692564
-6.370680689015556
-6.500591641505659
-6.782511748581082
-7.396897119319111
-7.912609849558917
-7.083772531141763
-6.975774039845358
-6.997760686723281
-7.046602221386221
-7.539048206527944
-7.674674065684269
-6.881172315055619
-6.8392951674924065
-6.814566331976873
-6.591712959313321
-6.404993380329663
-6.477199477430975
-6.658400453195079
-6.740357854019128
-6.828180108644019
-6.841392509539569
-7.1983876472447665
-8.346144803968954
-6.690082634870929
-6.403666209070671
-6.79879476531926
-6.433369064456719
-6.235379455788088
-6.4745037070664635
-6.86472339829789
-6.8078456535961305
-6.493740223216089
-6.416518602214655
-6.7933467648976285
-7.922411690829627
-6.680353343600611
-6.506120875574324
-6.635791725565011
-7.101291433456864
-9.715362660731081
-7.343690881264499
-6.991105575093425
-7.020376656026834
-7.841010175369254
-7.814113572801549
-6.6811007914180776
-6.505186328617749
-6.786404086370498
-6.872005032442164
-6.547544848787057
-6.215390138239074
-6.1854079375036335
-6.572420120507014
-7.30519570334249
-6.3419985563536105
-5.830822834311677
-5.740633645883469
-5.794325096213556
-5.911867143710617
-6.059844244640418
-6.1242403031604775
-6.115028721774441
-5.957600343842672
-6.008224766128739
-6.022977618857903
-6.116451297897813
-5.987966451781019
-5.732103436727347
-5.613574776611548
-5.91345432474465
-5.931133123401914
-5.531974799162771
-5.251093936202378
-5.222483395801647
-5.315391914867583
-5.554316643686379
-6.151548966445848
-7.389271352840227
-6.026350761972032
-5.387861943039887
-5.038263577196142
-4.95606782602354
-5.131549340230604
-5.193793462896905
-4.348315379501341
-3.7288730722940264
-3.339997238754977
-3.125349973167078
-3.0380832127177317
-3.1707105747739477
-3.650729343006001
-4.224990777113824
-3.9319213850527484
-3.5314309123103667
-4.160065531132841
-4.142068655483926
-3.917828791378318
-4.810399178590158
-4.760546091055442
-4.477488408416124
-4.7900788641714405
-4.618853176179824
-4.590051362836717
-4.7671203355431055
-4.884160497670817
-5.025422875529739
-4.9342723387289205
-4.885455728727365
-5.016552211892783
-5.092913233160714
-5.150691270612867
-5.2371604873466495
-5.301118185471453
-5.440942316689363
-5.464779695520923
-5.3662447023591255
-5.357991572657922
-5.48167718667474
-5.52475282885253
-5.6030434958170625
-5.753396267228001
-5.72076819727509
-5.652220143568871
-5.8920957725197605
-6.367859916663487
-6.583216687703985
-6.271449043919157
-6.198253900557497
-6.009003513156918
-5.9065062018038255
-5.857198079492379
-5.878666957126395
-5.9412874203115615
-5.92085191293626
-5.752872525995348
-5.744294141417312
-6.053376890311529
-6.426673597252099
-6.345333076605354
-6.008794643229364
-5.986998140061538
-6.11866728436063
-6.6582986670870765
-6.0219380942461775
-5.702190462868018
-5.645118137901203
-6.068971518030494
-6.491153234126511
-6.379344343296456
-6.100903165586731
-6.492858153003366
-7.144642860634356
-6.641532286074918
-6.568463406454982
-6.514184626693288
-6.402658676238263
-7.324882992291942
-6.821712746181661
-6.3566041657724535
-6.083675740677367
-6.053923222508482
-6.434435862803107
-6.473970167207158
-6.544846544774066
-8.049319886127632
-6.961518149129352
-6.901269794870784
-6.6043875094209525
-6.439589397898802
-6.61304502112665
-6.602905594192092
-6.1724802152133496
-5.91836825233514
-6.082233426941299
-6.690078961498358
-6.498854641851486
-6.0949504692888565
-6.0835351976073575
-6.35615790865677
-6.509446488654736
-6.747761958089977
-6.627147196952214
-7.2555395287376125
-6.169709875832686
-5.916519319894831
-6.000274354447083
-6.148339063636368
-6.509101004325087
-6.4329200379655855
-6.1037277808542205
-6.228300137148964
-6.558524243148342
-6.3532300265598165
-6.034895132539789
-6.004308496104111
-5.9964295254765405
-6.214965767266501
-6.016248356042306
-5.989287496463207
-6.366903158749848
-6.496851328408851
-6.368193650210613
-6.762673104669462
-6.8410064902090735
-6.847678835659353
-6.473514630448695
-6.282768864064189
-6.69375665944359
-7.002095578714686
-6.8651342165949565
-8.084020283243648
-7.428846137966087
-7.185003613762968
-6.785518241574442
-7.020929576053818
-6.7559930670282835
-6.3591464544163765
-6.402128591936407
-7.027724349676848
-7.918906666460575
-6.831001395912422
-6.258077742727217
-6.536787101061466
-6.88726994285472
-6.407722431009662
-6.196680287390677
-6.08940616042943
-6.1197585492710616
-6.1469388056152745
-6.0968752164813775
-6.089951935426738
-6.20963007216406
-6.47881892513318
-6.7235012562235825
-6.585570407563586
-6.548806977757123
-7.018422651981654
-7.103172590288208
-6.774278676726457
-6.783673506829885
-7.143280272670588
-7.343039077052927
-6.836670714223194
-6.515089519260465
-6.376018410916715
-6.72858544032734
-6.630381214062892
-6.499001757411922
-6.650431368348253
-6.879823766912179
-6.8318697700803614
-6.540242525087513
-6.508933188110559
-7.018138980501819
-7.685909771953071
-7.215564442479163
-6.530116665959208
-6.091367346072376
-5.988323779431113
-6.029654086636854
-6.12473683444042
-6.309853625503075
-6.4131972360291005
-6.602269907014121
-6.970436075675222
-6.951859933033556
-6.715095271420878
-7.386857368519643
-7.10314009154714
-6.516585397507388
-6.377720240497426
-6.327300699999358
-6.663146417084576
-7.21574294023621
-8.802457762609933
-7.248214857781824
-6.880813056565157
-6.673890074168356
-6.859945885774655
-6.799725678806434
-6.814381984764264
-7.137876153116231
-6.7012727735272195
-6.527171856296925
-6.641662461590953
-6.785793064778961
-6.547041121793688
-6.354778113661986
-6.497077096600986
-6.896219500921342
-7.716283080163316
-8.338908098098551
-7.570727046437406
-8.90340836267626
-6.86835759404714
-6.465845280006343
-6.585954465640758
-6.579277872440162
-6.697022662233023
-6.6042394034023815
-6.971988902674964
-7.716388614827664
-7.642436490472261
-7.3633852883751345
-7.094151204897261
-7.433858989761865
-7.285733928599324
-6.432187791465403
-6.934217222660741
-6.893788273493701
-6.475195413719373
-6.577740508086968
-6.801297874012561
-6.003548208396569
-5.95432173002303
-6.345679855280461
-6.59135902562773
-6.223773966085122
-6.509867140179074
-6.075581874403235
-6.44127720016214
-7.373799549165754
-7.48042525977313
-7.338838234896332
-6.817500617628368
-6.994181768485051
-6.3611123434218655
-6.104358670015384
-6.212138418357815
-6.392014265993852
-6.471734344601037
-6.5449721975112
-6.625998119515296
-7.023897024198971
-7.503978511213106
-7.104387118291465
-6.798347305980631
-7.1333386777932875
-7.561023815397791
-8.181927170828919
-6.692822255156684
-6.116861470421719
-6.011223772764766
-5.908009262173639
-6.065299039884761
-6.3846433057178915
-6.4549365516043
-6.070510217183227
-5.706289937198541
-5.640939723488834
-5.773268661531834
-5.812709709995898
-5.717162308410805
-5.527954575118996
-5.595702513739301
-5.698135840475661
-6.011686599679938
-6.299841629588032
-6.551669496349638
-6.828195403812656
-6.585736604809478
-6.0788270015968005
-6.191740667268002
-6.960315689279245
-7.186682662690336
-7.394112684688569
-6.78388107116463
-6.61803632463564
-6.635986504253196
-6.753601812378557
-6.520305051775625
-6.436870431164744
-6.636054962700259
-6.539992981397344
-7.015715147510111
-7.400307604266583
-8.485072988092007
-7.130129498900159
-6.301652284007844
-5.996830682365358
-5.876069120681577
-5.874651280547325
-6.0887266778496105
-6.612006199375746
-6.459033956913002
-6.077438074162159
-6.077552745611571
-6.416858551267747
-6.533023445560389
-6.242474105964731
-6.289485103505598
-6.813605098032402
-7.419196354644314
-6.598740600755435
-6.6131332703794765
-6.468656542127519
-6.521140863059978
-6.73895220541145
-7.234496651698142
-8.235143826587825
-8.07755315529532
-7.2119070775012455
-7.093424946282596
-7.021425957226102
-7.257246519984824
-7.728558988824431
-7.400668234698114
-7.438461722738733
-7.254598335547936
-6.802002628320975
-6.955970798551853
-6.726036672914463
-6.549072424672881
-6.269834533754001
-6.6427277722273
-7.738921157407618
-7.693039646380946
-7.8844362315338685
-7.249149045995387
-6.9246854005461405
-6.788267625556167
-6.416292161592447
-6.082106331317462
-6.083445552474074
-6.053876595345232
-6.098076110869927
-5.983746515433183
-6.0368881728132635
-6.090100658481859
-6.173234669476227
-6.384176189782007
-6.268436579871979
-6.28521277006615
-6.86650008568206
-8.137258798960046
-6.726449042923203
-6.3669663687500835
-6.364380148573038
-6.5652083459045745
-6.9891274117700615
-7.154903033280871
-6.6563322410549075
-6.301321398362957
-6.581355671241171
-6.5333612529113
-6.5187074174587245
-6.826570555142272
-8.402264730104866
-7.684900421244039
-7.13686882199939
-6.5214526652869536
-6.507123060333793
-7.033157636841936
-6.673555675502789
-6.251568400112257
-6.307153931174766
-7.128560256846005
-6.497378796780352
-6.102315366204041
-5.823510813396543
-5.764400270212329
-5.958286135276855
-6.429132153502825
-6.515375497580598
-6.25236554055213
-5.7681534473785625
-5.874445657718479
-6.353260807778746
-6.101437677119999
-5.97896807215888
-6.031978747141516
-5.986636243839733
-5.8198288112676435
-5.809804076444513
-5.950788571383715
-6.142413520330488
-5.9773629067771346
-5.897856550281625
-5.927999871670819
-6.152988806156854
-7.077503129141863
-6.692937148352523
-6.579275108569244
-6.686831572407522
-7.090699591629239
-7.081198142120542
-7.123529802337733
-6.819655091371273
-6.785694820987387
-7.504203508627295
-6.917419911746242
-6.566432724241086
-6.427085944373513
-6.551790762590158
-6.704060625007897
-6.8314950267719805
-7.269191182520082
-8.03879863050437
-8.282932142785663
-6.975223406369605
-6.679301103059634
-6.433830789458382
-6.581710038851589
-6.575212428387238
-6.651375206397502
-6.716401162006859
-6.590409336321226
-6.8837723562183974
-6.836616195610407
-7.031970784424304
-7.31322864657696
-7.608242864658644
-7.241838816453049
-6.9147711238006355
-6.716474051505897
-6.593973959897135
-6.331241406471866
-6.091034268442128
-5.85854212321247
-5.731158294045358
-5.763994892895904
-5.876971241273408
-6.0243656359336635
-5.9769886268639185
-5.886496286055718
-5.892224432371732
-6.083529496950211
-5.9474669203261845
-5.089998625757229
-4.553660218477296
-4.210291623994829
-4.06193771175687
-4.0728927095788565
-4.383309455812035
-5.019216063669407
-4.580010314765972
-4.5517388079075545
-4.260642667071791
-6.386907415144737
-4.827228604266593
-4.998116673446676
-5.924987404000279
-5.245849012067723
-5.202438599869377
-5.332124986286838
-5.317221905236713
-5.302984616452925
-5.4237994370304214
-5.488030938472176
-5.443749303656008
-5.64848334669259
-5.773898337152384
-5.852436305873078
-5.9958631293848095
-5.985755826239968
-6.015675588055931
-6.215462349381186
-6.152739319459038
-6.212106901298474
-6.371526716251678
-6.076387944949892
-6.0063997495230765
-6.107279118094801
-6.103073018969142
-5.993755477130095
-6.092577119035005
-6.477880483924433
-7.809394686703075
-6.439453613588336
-6.262528978483121
-6.1468393810719695
-6.004683045752311
-5.9589924758142
-6.030081560469537
-6.049196151206712
-6.2193444431334015
-6.182671125678818
-6.358766862337648
-6.304527562009005
-6.021592781418637
-5.896448626729138
-5.930907825642667
-6.168595144738396
-5.857925264641856
-5.711728855721679
-5.786644887033003
-5.972913774797016
-6.031151028947999
-6.107180636195009
-5.9453102226351096
-5.99015166953782
-6.135795123197722
-6.257565837122144
-6.426387076504105
-6.853991986911234
-6.784230728154725
-6.749490687621529
-6.591203049287437
-6.5812648738759805
-6.727058703360003
-6.945705575960325
-7.084833967387962
-6.974335091342229
-7.165877668528996
-7.909419677885243
-8.183841030130626
-7.211125102828938
-7.40859601732853
-9.20753718520826
-8.6671525383834
-7.617738472976414
-7.272637501951267
-7.216962098799415
-7.246140232245168
-7.288488991424318
-7.904652348129605
-8.441007043933073
-7.050489028917697
-6.469365990497813
-6.3019873311359325
-6.367328785206863
-6.44015442602699
-6.672715873575195
-6.352696903132588
-6.25780788986811
-6.442899930198647
-6.419909905588901
-6.304886480307845
-6.328744897685982
-6.250355840959596
-6.395600048349498
-7.118005564889335
-7.520468335293869
-6.88381687275832
-6.826705035442715
-6.707292236002656
-6.7231380711679956
-6.777727141724557
-6.813617369313404
-6.592275018486804
-6.782016928413849
-6.730196574548413
-6.887541365817034
-6.7959768295557526
-6.661845890112575
-6.8143519405607815
-6.772295014314218
-6.961373034743859
-6.926616124931252
-6.839853891484487
-6.995998637516256
-6.676743737136609
-6.624266337815619
-6.748096446961363
-6.9943222790293
-6.664114717318667
-6.543081727714486
-6.6451466665440195
-6.790900265123925
-7.065278481943281
-7.377519406308822
-7.442207487445466
-7.156606044593918
-6.900021042423749
-6.553330703090379
-6.430166389671688
-6.31652339080538
-6.397403837735416
-6.604668824399438
-7.096171148305852
-6.820720952965471
-6.91357017881272
-6.740902491792942
-6.969194665845677
-7.348543899183356
-6.880431675517158
-6.965343668720474
-7.803491378806094
-7.940958091439312
-7.2378737180189905
-6.580110917532015
-6.572789337039828
-7.155315715203395
-7.038764211778171
-6.560405386153508
-6.577809191015511
-7.044679802114467
-7.461054973743525
-7.074266455846895
-6.3333643294641195
-6.216592021809586
-6.181792474454405
-6.128989807836182
-6.297703481072207
-6.450647591063009
-6.680544225434956
-6.871782499244315
-6.749969248961973
-6.785095440473525
-6.477929964134521
-6.401617277578971
-6.785168910775145
-7.589756161318827
-7.439054361465481
-7.058313788310815
-6.7590979545757355
-6.496251164243078
-6.342275334445709
-6.317999504623721
-6.732492667468595
-7.695352800827908
-6.694454064231912
-6.520699750709034
-6.539187015426635
-6.581337486632926
-6.9895495895944535
-7.681148396545513
-7.019930039316154
-6.47830528715918
-6.677994082313923
-6.716015990454042
-6.706626013004557
-7.055416312157388
-6.709968217343874
-6.39490103533544
-6.562945483176784
-6.88928823384952
-8.446754949892126
-6.886939224895608
-6.645291864569279
-7.028923517715997
-6.569266146858195
-6.298974981326765
-6.309949826744077
-6.613479651679492
-6.7815750132013966
-6.594965563537614
-6.254941916099599
-6.383116651840278
-6.880300609168234
-6.517473360634258
-6.648804595886865
-6.609432025093604
-6.824012102677357
-5.67411936417631
-5.547874254095107
-5.624590108831467
-5.860745738693954
-6.644591738571985
-6.34877752825103
-5.766986785841234
-5.666786265057225
-7.018698922586601
-5.989301969609419
-5.742873459286504
-6.134627085438309
-6.18860203947294
-6.098847256854213
-6.188036078755094
-6.406375804147318
-6.488189688657241
-6.485369714821843
-6.7768930996394205
-6.072412413561226
-7.503590552695473
-5.896840358810463
-5.370498747081427
-5.442132174438375
-5.786734934723974
-5.803482983275853
-5.9277819135946634
-6.233291877754415
-5.5508663651809265
-5.582883579606415
-6.09241974615713
-6.327331593670936
-6.181130976083544
-6.633910386967037
-6.6800691285427325
-6.58565996865057
-7.438558517286475
-6.561721606319729
-6.540488918191673
-6.581393231258185
-6.716302587935623
-6.293425582730975
-5.9264423419597145
-5.865062170329756
-6.41300584516408
-6.197015025296438
-6.195313474831484
-6.277414449088791
-6.029181643094211
-6.214221506791098
-6.915774885893675
-6.731921650779763
-7.158888307195664
-6.298910263407277
-6.382070576642511
-6.800603296714394
-6.9774929129437755
-6.66004364740279
-6.885307718736243
-7.662839925488884
-8.97750520836224
-7.202306880689383
-6.605750626051304
-6.867409084937267
-6.405487947634233
-6.447377738761342
-6.604557652031117
-6.388522709594069
-6.302730055645043
-6.543401582447312
-6.655989400606733
-6.599836475195744
-6.738315299152196
-7.140229536585587
-7.175326235573324
-6.832240828133323
-6.85952375438125
-6.791522889039078
-6.396453203704384
-6.233233117928756
-6.149121011328323
-6.077245241299562
-5.980429265359574
-5.963636772286326
-6.257704392682414
-6.538047930914619
-6.978358594466178
-6.919057914454482
-6.363730636836734
-6.3656220266294925
-6.546757126883885
-6.518465572888305
-6.448434051650225
-6.45185477700604
-6.187788378798758
-6.286488528380177
-6.298303643296898
-6.282215493390724
-6.17924908568312
-6.700623611354605
-7.894847716463598
-7.095215330832106
-7.541008594688298
-7.32975396436329
-9.350973631015915
-6.775815039344751
-6.2677503578037035
-6.2415214234200596
-6.306945608307764
-6.190171242301716
-6.375532820308776
-6.212046416255467
-6.408585489465901
-6.460013899418752
-6.4191765341761915
-6.383905264213916
-6.400285732319211
-6.295921055925767
-6.29176165671914
-6.403585652111802
-6.735581969227286
-6.723215720216035
-6.806925615658236
-6.675065490978318
-6.267851381414328
-6.0360458284504706
-5.902612789581652
-5.937444205467759
-6.004115245337958
-6.0539440609104584
-6.184306312661225
-6.502145598374822
-6.9575125391254415
-7.331280914383725
-6.688488457879194
-6.866119367301806
-7.747654224720301
-7.211022943858001
-6.961530943552062
-6.652243097243438
-6.704472688779878
-6.272144432823889
-6.19423215540235
-6.118724251269691
-6.008403707514506
-6.366230041954212
-6.6898405723362435
-6.455834759546967
-6.428223670734629
-6.186553646176779
-6.097102976329081
-6.129505113850153
-6.003610096527724
-5.944398776060418
-5.92603961225617
-5.9789179381070054
-6.071212775802606
-6.167869089680744
-6.222870808965626
-6.121252294034135
-6.115444196274034
-6.205046171582306
-6.26208650061182
-6.628542755190019
-6.206088539472509
-6.333024616880159
-6.274029132420248
-6.11298834533867
-6.022809157293304
-6.113711786831604
-6.101226344767221
-6.082336356092347
-6.2432253515488645
-6.429912999809008
-6.3931576854375365
-6.2660846778604915
-6.212163466415958
-6.368323001187358
-6.149955470633879
-5.873945201210944
-5.788974553949324
-5.775963399872569
-5.691127109514443
-5.656808351687777
-5.689847302403235
-5.74357068015427
-5.730743678938687
-5.866450802393456
-6.120307455124408
-6.1905434381474445
-5.8905521959125275
-5.829042838480845
-5.788365846410438
-5.891398920597523
-5.9850120337873856
-5.82548615472887
-5.688431411893647
-5.740087251483261
-5.64898456838337
-5.536661189820013
-5.416312083689773
-5.3673549588492655
-5.376747243917079
-5.440207584435484
-5.563368034849845
-5.592728673640403
-5.575492533579952
-5.720102612543652
-6.066444950914081
-5.446397192640803
-5.038109801296551
-4.911257296609544
-4.947853919276734
-5.091509669246742
-5.021462512188975
-4.6756311897651175
-4.421236738667058
-4.259456110282596
-4.199885210619318
-4.211028335523371
-4.347337722839229
-4.589688112377522
-4.8378476098761665
-4.871296217132006
-4.600979888066054
-4.42285702913491
-4.363208891994916
-4.01750112220343
-3.3903438987110723
-2.9235569423221537
-2.625893981753359
-2.490903140722935
-2.508858086483506
-2.7174292855484237
-3.0613645325769747
-2.980762286143843
-2.940911389700947
-2.929692445602144
-3.869564138469561
-3.3735921444996197
-3.46329379671412
-3.905891470805473
-3.575897316487842
-3.6540078322999805
-3.7166351444705423
-3.707586678857363
-3.8777038524050518
-3.9650897164153105
-4.052144652657914
-4.220509115982229
-4.2892329383912795
-4.4199305791023
-4.53039030677394
-4.61324016469483
-4.737121636560139
-4.837364787840017
-4.935564667835619
-4.923112283544547
-4.888625731629746
-4.875303002860574
-4.764642433934303
-4.825653659977919
-4.985868125592452
-5.0275932444636675
-5.059938782599715
-5.050279149837803
-5.060847826923368
-5.1284783186095755
-5.127615115897926
-5.172640245156492
-5.1894732118788305
-5.146376077723334
-5.178960679430084
-5.3630757290137145
-5.468181266651895
-5.396142695719838
-5.228496338337239
-5.175686671797597
-5.300760097817302
-5.424394975092438
-5.340374555123522
-5.410825627438002
-5.3727990970018125
-5.309283479197048
-5.426111437585986
-5.460877315103204
-5.38066405373238
-5.495316334511625
-5.841701447223328
-6.282640236273325
-6.035748076619903
-6.2068684175519415
-6.817342293207039
-6.101462404037675
-5.7867771600569275
-5.801697117613992
-5.865580050262789
-6.165165247786599
-6.4772625374799055
-6.229172937745388
-5.972323782559631
-5.843312194615479
-5.973048842670277
-6.427322700410095
-6.600334148306812
-6.2439551772919595
-6.255374202051954
-6.484371347515739
-6.2754635576040725
-6.145550908360191
-5.898841956661534
-5.677018836939043
-5.69185366895444
-5.730056414160849
-5.809507706431885
-5.960420145674568
-5.803787590097961
-5.716407588699807
-5.637850096027854
-5.581632505772598
-5.633445841574627
-5.718179529355581
-5.752119324672932
-5.692861754525
-5.779153565052982
-5.919483352082674
-5.99274960191298
-6.041723823568022
-5.990367025617145
-6.126567714265739
-7.05293435201521
-6.972549761858287
-6.175415380130383
-6.040124360339974
-5.8974802538725974
-5.771914725102029
-5.818221544762648
-6.046689572818367
-5.902784672480335
-5.897752102668699
-5.8299735354684294
-5.977373116002693
-6.241422889441587
-5.995436935336062
-5.946585636909238
-6.064756935146781
-6.006587388656243
-6.3638942120084705
-6.255708951849801
-5.9653331576132995
-5.890534477971106
-5.916427250075302
-6.120129842871684
-6.002783908233812
-5.736846887856205
-5.842807491925128
-6.278463214151086
-6.185358376247639
-6.063798218543166
-6.386999702806548
-8.419587536748859
-6.381997941323365
-6.28246509232721
-6.214207942185546
-5.815998008884891
-5.510251934402845
-5.439467485598605
-5.672311847478461
-6.000108326668232
-6.058538670157025
-5.855611070951762
-5.999703360288315
-6.130436918515817
-6.05314155307193
-6.298325294486132
-6.192447710984737
-6.527345454270647
-6.304626573806527
-6.1920841626469345
-6.343663492279892
-6.377951437680825
-6.229542196525843
-6.480091113061367
-6.652013636794426
-6.292203280532912
-6.087279529695864
-6.065185742846143
-6.4055216192356745
-6.1644654256385625
-5.7789445252376295
-5.620386178528009
-5.671714090736465
-5.602153090469329
-5.871775081116554
-6.166025500332718
-6.649402172368344
-6.66845436592945
-6.3300031479897605
-6.276111884656335
-6.188759939642003
-6.368977734266997
-6.638665689342277
-6.099634540751936
-5.8366953409327955
-5.789028861274001
-5.750856615111448
-5.598117039114752
-5.543618179397689
-5.6738563165956135
-5.930448692842378
-5.831279805984853
-6.079562129382048
-6.814001569043703
-6.228335223976809
-5.752840224145841
-5.578708892045689
-5.715867998112292
-7.612787637217141
-6.318972931937082
-6.255527569174945
-6.056284046076555
-5.936348906370509
-5.966832592804872
-5.867108824329284
-5.596922008371096
-5.786330947989514
-6.3127581948611065
-6.857447889390935
-6.174028901658897
-5.856941521505046
-5.880536741058728
-5.630840802496927
-5.489608296450888
-5.3965299599768
-5.571016928299925
-6.502481111600962
-6.5374552289905905
-5.857997675677473
-6.016006291656577
-6.8140544392275215
-6.404664688676536
-6.064285336311996
-5.989523591848625
-7.76501575788418
-5.603404804847674
-5.434098063695783
-5.5878724525953
-5.930895186483809
-7.201463478886993
-5.676689745942102
-5.368840085194298
-5.736337405559895
-5.831165160499617
-5.033805316558554
-5.134756101992468
-5.752545180716106
-6.2249861305297545
-5.3484590621360075
-5.665469116152489
-6.507917579219163
-6.037049026860415
-5.9458204983496765
-7.002140833430323
-6.905354055050535
-5.65266058689231
-5.198402194956425
-5.165043202474782
-5.576666389662111
-6.304716149340624
-6.326225275921407
-6.50398775166162
-6.020726346695013
-5.518321570716776
-5.6393341372510655
-5.854770225752752
-5.711146923488771
-5.587176862669003
-6.091102022904035
-5.6479925709005725
-5.6975721041247755
-6.1019226203574
-6.040764331330419
-6.013966667762646
-5.921320575266439
-6.347732605173856
-6.343597187452031
-5.851748448555396
-6.010574162903239
-6.139727217438085
-5.914760194435856
-6.179578430096884
-6.317907177165311
-6.036768510420899
-6.162970756769384
-6.398018193465782
-6.668838489650094
-6.280569865690269
-6.463812026079066
-6.460610079861893
-5.932931409853381
-5.976586077584016
-5.8947668001504425
-5.935206378739446
-6.4539423870788655
-6.927961486797218
-6.187921381659371
-5.972224672417376
-6.054143612555685
-6.290132500839795
-6.269493344529842
-6.480408269148029
-5.99705656690417
-5.794585067428335
-5.883987159874709
-5.967856248521666
-5.659664556782559
-5.676007812975123
-6.121644283854558
-5.998184098251981
-6.252851486277708
-6.267005073178592
-6.699065185919994
-7.089117037212638
-6.27398952530664
-5.881166992768019
-5.811920973628071
-6.113836611296459
-5.982792919577713
-5.742194731579235
-5.625877772731465
-5.612481258346273
-5.96116109714746
-6.042719211341008
-6.063529409052139
-5.892452283892217
-5.836612707320133
-5.828439576731255
-6.032690143019749
-6.279620828357893
-6.055107061883466
-5.796201404206206
-5.749965757255405
-5.732088250576867
-5.840409400571707
-6.249796076009195
-5.812752266873146
-5.772848278627408
-5.970492829941638
-6.0169577815578545
-6.062494878389624
-6.308854309395644
-6.4404558990183265
-6.386427487033821
-6.097119270879566
-5.90486022476274
-5.780286511503031
-5.866704507144691
-6.196485434568314
-6.314182817493452
-6.041104828749669
-6.096803792823651
-6.169562463022684
-6.231359036531439
-5.837186923731883
-5.764023203499791
-5.857982671836249
-5.9751118286995455
-6.400878952768549
-6.240077111245106
-6.119268255891625
-5.982082689947937
-6.140107571605319
-6.331223190612247
-6.140425278949187
-5.925346263345356
-6.026479862345802
-6.085720995239888
-5.946885237971783
-5.745520570566202
-5.742077722866401
-5.838351712018318
-5.748983094492238
-5.829928887722144
-5.83159078239759
-5.776490160819738
-5.757171529147198
-5.753190985964186
-5.924763695324868
-5.893115099246301
-5.860666999205879
-5.926799066828454
-5.967917407164507
-5.975190614257228
-6.079890567172259
-6.010776729760349
-6.184885238642733
-6.070807042813514
-5.969516034204345
-5.859889080115723
-5.784230890648508
-5.635661672843997
-5.593880695083946
-5.713637478360241
-5.620150252844267
-5.57838928961468
-5.569294307043125
-5.673799621795122
-5.7633518683338165
-5.765226005128399
-5.608151654082075
-5.579976098675546
-5.52358179109997
-5.548527161580078
-5.514565523728481
-5.387891029944781
-5.490848531285475
-5.521926242760454
-5.532721202531023
-5.539485988587309
-5.662608322500729
-5.676308859710075
-5.587811671558853
-5.513285962336417
-5.34764294800639
-5.459235887250135
-5.484641985981544
-5.269844725185565
-5.128873267734152
-5.13039235661124
-5.2047160742046055
-5.141671832623449
-5.200394431230638
-5.349844517472332
-5.4846729520365916
-5.368701361502953
-5.2461595278675786
-5.190698983910309
-5.131090083066024
-5.074725778757044
-5.063657995346111
-5.104294560768048
-5.141498125477706
-5.135484644366143
-5.0719400954382206
-4.96475504876753
-4.903403937183784
-4.872133269330361
-4.896243738558112
-4.917753826889982
-4.877515890642101
-4.863734334731408
-4.971519407940724
-5.123537198398307
-4.935783477372559
-4.634652065165777
-4.518962072702377
-4.5258933272522635
-4.602560656750554
-4.547948557536233
-4.313894029746385
-4.134748560647734
-4.04573406729894
-4.066142933451128
-4.175873934467605
-4.479855965278105
-5.151198957569628
-5.585172888922555
-4.438716138469833
-3.9921950637208363
-3.9002663529873676
-4.228163972517645
-3.936660181345519
-3.0252080032918265
-2.5186352731136394
-2.2449058320247026
-2.1593735723217105
-2.264034835014043
-2.5999118638052985
-2.786671085548124
-2.491988639647875
-2.5330217877676358
-2.6625897107362064
-3.80178407653884
-2.8868822044805684
-3.2767420224338517
-3.5894824808608052
-3.2075062460887462
-3.4216591890254753
-3.3359507720518278
-3.304086242641307
-3.4818393350397048
-3.549019497396119
-3.629538773247918
-3.754865088753865
-3.787501402789745
-3.9270562591523945
-4.030746295259207
-4.090472121730023
-4.172657048114748
-4.237232314113159
-4.344819152572441
-4.410347583991628
-4.469218587185427
-4.41684148683067
-4.316300351886052
-4.373668931733309
-4.455405343698146
-4.507605765456677
-4.6116898465472085
-4.700247016202549
-4.72099324307404
-4.711274528604594
-4.724990662240927
-4.754813483447206
-4.768099513595519
-4.779586061885105
-4.825980380604094
-4.911836942632109
-4.9634541957758485
-4.939740653383472
-4.877954519531466
-4.793627546348754
-4.763299691223549
-4.894790673067827
-4.978507662933303
-5.019882106721196
-4.9048298998693225
-4.848576795725605
-5.078500464981754
-5.172474937518706
-5.003323419640481
-4.993800617444471
-5.112500645775446
-5.268723560971567
-5.228619674525125
-5.322704081088433
-5.53108932388519
-5.430933595312318
-5.196431588291804
-5.119926696460729
-5.078507344689397
-5.283597698642379
-5.613922910417111
-5.615997623294578
-5.508850561717346
-5.408684868105529
-5.360509155866058
-5.4300338271705995
-5.57820201432661
-5.506671377172727
-5.430076705273703
-5.604696601235391
-5.564725606771797
-5.74893156675111
-5.8133288504484435
-5.813338322596244
-5.700711410200103
-5.8319269097355955
-5.859860584924165
-6.054798122082349
-5.862356050686837
-5.588342139631079
-5.5270425005722394
-5.516699251661492
-5.498806451346095
-5.485576230633534
-5.558524390350749
-5.429685422927362
-5.509672637577972
-5.450605278735679
-5.457392546382113
-5.491847787009075
-5.464770340647379
-5.379557709307972
-5.656836824232239
-5.902193381065206
-6.182436918132886
-6.227874353562575
-6.14888483012836
-6.0463100108937455
-5.889097842164536
-5.810796286866836
-5.66827011670472
-5.73475542664785
-5.784981338802625
-5.813824484727839
-6.011552297729345
-6.028391254790337
-5.763642653971547
-5.764867454131224
-5.744127573283541
-5.779035611687784
-6.065781627475057
-6.031226024000149
-5.847699586048424
-5.754150570334427
-5.847641534060012
-5.948797661680386
-5.833097616380477
-5.701696918012111
-5.87987432928286
-5.999723625704534
-5.888830065508342
-5.8627564732463915
-6.002171669400749
-6.259033410633771
-6.228814846497839
-6.3461124505672055
-6.495557009372257
-6.356991955921133
-5.965507354303493
-5.971817321199858
-6.0149509024275245
-5.966262098260745
-5.882275677108309
-5.984239126659185
-6.076822131960209
-5.953662813796271
-5.871470531307056
-5.861059294423962
-5.965168511451453
-6.059178691720049
-5.9776102127991315
-5.949574703565197
-5.900534601083286
-5.952945825742206
-6.0775935227915285
-6.2003668310649855
-6.293847655688309
-6.381402083069159
-6.271034078341379
-6.2969589727752195
-6.321985769708698
-6.1080395206123494
-5.861733930418205
-5.776704199172162
-5.687797843510183
-5.80717337756202
-5.8807743146557705
-6.055522158086647
-6.192140412557931
-6.152367173889324
-6.038707470024058
-5.980959851725375
-6.02184954132502
-6.189612908295321
-6.4674478488954605
-6.3620499503826915
-6.207340953009103
-6.134069793557492
-6.028977757389329
-5.963101673329537
-6.039980727356597
-6.139709533062503
-6.023731820652981
-6.06353812505809
-6.138533726979166
-6.303098563670866
-6.185379281380683
-6.094101719311115
-6.1751889244212546
-6.453485950149369
-6.657352483297044
-6.618442824743216
-6.445985366325831
-6.4134992314359165
-6.111882911282487
-5.916556062573964
-5.826721437508558
-6.078659453761076
-6.6241122925672355
-6.5411600209437575
-6.220711882421282
-6.110716240234964
-5.961712981177971
-5.72432130454675
-5.737104130411636
-5.876400610924862
-6.037328667646221
-6.165520122982358
-5.891938988525497
-5.734834239214456
-6.051043552969393
-6.835530254700023
-6.359950978284638
-6.1471822314863545
-6.301271842225546
-6.543269089514832
-5.680970628874997
-5.558931283220885
-5.701467847207739
-5.890525817816533
-6.411317814307876
-6.279862748586682
-6.178533457852684
-6.419564137075311
-5.596256570680656
-5.3082911849421315
-5.627829093993529
-6.5257308225148245
-6.525673827656306
-5.9099314200817705
-6.952868751178981
-6.124438224907031
-5.887995158700929
-6.245792305009608
-7.8682017729612594
-6.963214926924265
-6.250687211480857
-6.291720120355061
-6.233581293171848
-6.2782075612261625
-6.551773284791454
-6.777561628310155
-7.276744343123131
-6.827441225672668
-6.219842130829485
-6.27608466633798
-6.358135618287848
-6.412891928779296
-6.55105744188534
-7.713414953397603
-6.585164603651391
-6.428814055563902
-6.4165975170705005
-6.226698045650323
-6.212346848474246
-6.089042114017203
-6.24948852004795
-6.24692736516197
-6.27039290985573
-6.583708428085126
-6.800397101294305
-6.512641350809083
-7.236325008622949
-7.302605127151053
-6.823511586821634
-6.599856648829993
-6.519310318095751
-7.025878748605045
-6.9940760351818225
-7.203522063628794
-6.565203995128976
-6.395979376203008
-6.366981865389706
-6.464005990974708
-6.677293415963956
-7.381502950315755
-7.134189884680858
-6.863441822993371
-6.733476331977085
-6.839096108841122
-6.759198473556144
-6.753049689525037
-6.508254793500841
-6.151412924328377
-6.030592144404849
-6.084437481789276
-6.26547839207937
-6.373160264438854
-6.63548626509167
-6.775936374355638
-6.582733480641262
-6.614592047161852
-6.6196743654919095
-7.0045048621785595
-8.060312904072399
-7.3176274503810745
-6.589313439995553
-6.607812333583138
-6.985936852747747
-7.298682653608183
-7.024580929679938
-6.676134155418835
-6.448168448857085
-6.340624706637211
-6.198483916291175
-6.0865323440531345
-6.000447754215397
-6.018957031393932
-6.0782604482757066
-6.240248067745792
-6.438263179885089
-6.50638436080242
-6.366655835433459
-6.430803532030686
-6.805078031954419
-7.236819795498151
-7.116672561158658
-6.862120213094216
-6.681326812380844
-6.534327517448981
-6.506733144932824
-6.430123292167016
-6.478802346586506
-6.407085913849026
-6.2102323689021075
-6.062610817532859
-6.0402833247293195
-6.0884082278331935
-6.262988231305218
-6.363796503588249
-6.294314389317458
-6.345406712172408
-6.3211671907439415
-6.318582611561881
-6.305353142369284
-6.375850259839593
-6.477410478638839
-6.446979746602888
-6.462635079879449
-6.349079536725888
-6.214166413053419
-6.201785382825203
-6.149650359917823
-6.199132523341267
-6.399584649485696
-6.840935820156297
-7.103491904009877
-7.239455322036229
-6.9093504678807225
-6.662183034019526
-6.590278505210423
-6.530738873133277
-6.583877317906142
-6.49625707867305
-6.581547595929144
-6.542188505943805
-6.2618266699109215
-6.069612371051374
-5.990300934100329
-6.117623141994814
-6.230725741670807
-6.571416704636137
-6.692709750295527
-6.7369042057978294
-6.812076108568618
-6.439826754669677
-6.313159619322888
-6.328613022355148
-6.309579231168971
-6.242612030250363
-6.242435579870907
-6.202155581107407
-6.1028490991862405
-6.081042532896476
-6.212527550154296
-6.048791487047797
-6.016513626429891
-6.030271250720054
-5.930766416022945
-5.978795020144654
-6.1688061405495755
-6.068223471252919
-6.005050542925103
-5.962925359840922
-5.918532459096556
-5.9320830253661905
-5.79786931326323
-5.928652679818637
-6.1432446063751796
-6.164437406975015
-5.971231563207548
-6.009003404501994
-6.33236149411314
-6.47275715440565
-6.0622782061278695
-5.752221592964075
-5.711402663907583
-5.821318646093992
-5.804634393888421
-5.776099209526983
-5.737958970086895
-5.684942090501106
-5.528865021368684
-5.560667169841476
-5.652119444265374
-5.7906691477636585
-5.859588403571873
-6.06446601112626
-5.881768279989114
-5.687629207568986
-5.476986988004084
-5.46547917374283
-5.62183198133575
-5.599727963716139
-5.551876687056119
-5.414206993120361
-5.278978744580398
-5.165829775408249
-5.132582703704738
-5.2357921561461485
-5.2988397145961175
-5.137801075833579
-5.084277962672116
-5.294500729753272
-5.779287885143002
-5.708529084963373
-5.123877006898137
-4.921404376545313
-4.91982355526653
-5.182040620473377
-5.244768266411201
-4.823511576259609
-4.511936391387403
-4.32968396863244
-4.291423393812616
-4.3355704652459
-4.536655317501431
-4.996682977089884
-5.949189963164612
-4.816831196848664
-4.271922530387325
-4.10492675258213
-4.1917300459030535
-3.8363695137194522
-3.1416489542798978
-2.700355831009296
-2.4610540221960964
-2.414946142005773
-2.5756769805118935
-2.97528380758062
-2.9605686576701933
-2.671104540000183
-2.8150249039582027
-3.078751942106113
-3.6886004614150854
-3.007707113790974
-3.6416306803273284
-3.658715880143993
-3.4046822814052526
-3.68705359738094
-3.5456315671711307
-3.5918118727280164
-3.7616704220341823
-3.799948983283795
-3.9319862383196114
-3.9826450337160577
-4.059744310601999
-4.236604320982998
-4.289457375654402
-4.365038886976011
-4.429278111752957
-4.5136028261944094
-4.631787088216815
-4.695871014304449
-4.778823392597355
-4.6545295861885645
-4.590595833226062
-4.695773340932286
-4.773069193031804
-4.855684777995357
-4.924548102372857
-4.959011679098747
-4.995962087299709
-5.000095084459501
-5.011983819607297
-4.9615293828672
-5.004009251001208
-5.098281004690595
-5.167588054143827
-5.1900988292898935
-5.105932175110423
-5.13881826191197
-5.206049834682874
-5.18112828397286
-5.174066127466189
-5.257742968121932
-5.2537725352326445
-5.203671575398297
-5.234533578115251
-5.41669054524249
-5.517337545935059
-5.291291948463766
-5.22788526953857
-5.484251479248114
-5.770304949770293
-5.522191491781462
-5.515711266114053
-5.712655471338854
-5.689415943896603
-5.302567645069383
-5.192520327532006
-5.162514243352695
-5.264944406828407
-5.5303945891441
-5.793859169877516
-5.787309041135969
-5.654461771041617
-5.636651961367081
-5.621967332039998
-5.730524372009626
-5.747911439214833
-5.7315282514552655
-5.843547595103547
-5.740588400866722
-5.741165639212961
-5.809465441897642
-5.767526308743465
-5.712044031863365
-5.646576081203712
-5.622797303728713
-5.753490096209021
-5.690959772887743
-5.485006414885859
-5.420514419195571
-5.446004667409407
-5.426590759056271
-5.537230140539878
-5.603302393390209
-5.4371182485925145
-5.464480545881685
-5.510865892538444
-5.51761276389407
-5.6357767242462335
-5.7379219144628415
-5.835763848926616
-5.918771628143943
-5.935691954099852
-5.940297716014885
-5.954618011975047
-5.732750577263765
-5.520464871630327
-5.5950808206012645
-5.684195305612947
-5.688375043357336
-5.800453134294323
-6.08955485042052
-5.986358811857846
-6.353530306550033
-6.248154519550062
-5.968332242662024
-5.983567906405102
-5.879520176331066
-6.311655235999048
-6.587247396209112
-5.844236868397602
-5.719947435086086
-5.675879076924227
-5.817053667444389
-5.951079789963878
-5.699131263649333
-5.568728969565797
-5.8596647458991455
-5.868489068174288
-5.610791787235254
-5.623992210178447
-5.919118755006895
-6.385165893289579
-7.785157808512425
-6.770196426965223
-6.357300484871406
-6.081553472803465
-5.883818736954706
-5.908530048219618
-6.09167455810452
-5.82644894325517
-5.5683804823888545
-5.627839871960391
-5.759411286900745
-5.66470725534028
-5.512213575031987
-5.618094553649975
-5.764374778320692
-5.717597228362398
-5.588322576556566
-5.496035169975533
-5.463362217811162
-5.427535179802435
-5.698544426774501
-5.8915599080543934
-5.986232039206657
-6.270912674344631
-6.280276449449254
-6.475199782884456
-6.491774389669907
-6.132292051280632
-5.600167060787849
-5.373613958092426
-5.280007379108584
-5.354702925487556
-5.584070431962831
-5.650253994720069
-5.775409998738795
-5.79737080125846
-5.787044658811755
-5.655200853175101
-5.591958174474123
-5.690380980376016
-5.741481135071888
-5.993434564964308
-6.249302065878633
-5.964659015278808
-5.764608578322484
-5.6744780778477875
-5.797201655769709
-6.097413962648349
-6.215822653110952
-5.832241831386709
-5.781623150347067
-5.80809024749407
-5.9023489222444026
-5.832102096717956
-5.840082144778948
-5.986296372048093
-6.073368669227558
-6.287326596743843
-6.777706824162892
-6.268180722981968
-6.180573655323278
-6.337019826892271
-6.343143343331225
-6.207477078560153
-6.515828393183908
-7.008811283543662
-6.433750883425484
-6.039463610479093
-5.878056134942759
-5.815398643401386
-5.609231843718308
-5.604042933490318
-5.767117215045277
-5.839622600551731
-5.906380662034345
-5.6811136917709
-5.536548303329802
-5.709774426587494
-5.829031602311629
-5.791567896568749
-5.683653910948226
-5.967000428817743
-7.72742068591136
-6.205943687661775
-5.958037951246781
-5.991635848273272
-5.98372724336768
-6.17987120455583
-6.271135982025313
-6.4198861528364946
-6.2514917521277384
-5.591621760872746
-5.424267237882936
-5.647194052528269
-5.907189465847903
-5.861067043335662
-5.953906202877618
-5.819699983888326
-5.39613380638351
-5.478913523821869
-6.09072588667646
-5.944738449206398
-5.703364075023188
-5.538615553463069
-5.681135484777364
-5.853660801395459
-6.00440640470674
-6.294203543042695
-6.3367932744579365
-7.820377208482682
-6.466032750521056
-6.03990807484081
-6.142296229371697
-5.9172914891930795
-5.661098623783967
-5.747735141517714
-6.386471119748477
-6.9770685360286215
-6.674921089285201
-6.472238509615939
-6.162519763785144
-5.781527177511875
-5.645904218398703
-5.725456915035557
-5.576383255545331
-5.663579261392611
-6.08420753994064
-5.915974502988449
-5.769914384696341
-6.460953192748767
-6.534287810951536
-6.037135700743036
-5.698566656389421
-5.481269518137174
-5.773749171381868
-5.932141854415308
-6.010119458877788
-5.717465542654587
-5.63432619754524
-5.559812482797302
-5.548127894468023
-5.461581739332351
-5.719106449258814
-6.225298757888192
-6.265205415551817
-6.499959610780383
-6.247055278292186
-6.413026186315577
-6.507124912135904
-6.696111551725078
-6.523635767591773
-6.189405657742254
-5.877846423099596
-5.871482044152261
-5.964125270176757
-6.213561664778988
-6.2544942941210415
-6.213476785043879
-6.425546017174772
-6.129291790171137
-6.0853836570507145
-6.179721168011729
-6.59864371521541
-7.213413787893611
-6.5215068114305295
-6.887328416850535
-6.914743044944935
-6.979769482648323
-7.362940816193421
-7.830663578359564
-7.052224807788216
-6.539439708049347
-6.032939505413419
-5.8376789727571
-5.8832692946971346
-5.902812354303127
-6.043307705589894
-6.08443205714929
-6.128250419026041
-6.013032013459274
-6.054149625962471
-6.332802916298026
-6.936409514332766
-7.0981948417231155
-6.9301150231009885
-6.960506367748418
-6.505688330156204
-6.487186397967976
-6.350851636039376
-6.561393650097766
-6.713847706102837
-6.139762507792601
-5.819904564235986
-5.905777534749214
-6.085829329210239
-6.370256594959304
-6.26048523900896
-5.976246763845261
-6.36232472789305
-6.697901774722442
-6.091970292064552
-5.778118818248557
-5.849814826434282
-6.385331907862047
-7.06569291715866
-7.0541475168466725
-6.165363453315432
-5.952214520238916
-6.011212679114907
-6.175889556442575
-6.500112067991142
-6.67763775645026
-7.006089167079237
-7.249533014518293
-6.737942566692813
-6.384979183152164
-6.240470044013127
-6.376174176757239
-6.06996823257396
-6.048545777158178
-6.416121372046142
-6.457225469725319
-6.213446336346195
-5.986979124007002
-5.811271035350838
-5.887390032543677
-6.263769548743591
-6.667151323382929
-7.45717932446236
-7.004771354359285
-6.770707648055346
-6.86831721705604
-6.669925525175127
-6.663812132508462
-6.1481186204647855
-5.89046556344937
-5.881743721301595
-6.001140143530157
-6.1812362261945895
-6.2206362834672575
-6.093319900996054
-5.753854210245679
-5.796720952336238
-6.303048893017205
-6.23369202375707
-5.822266413540489
-5.716471171181222
-5.555619146392815
-5.617518285430727
-5.571520964258844
-5.447763629753507
-5.458027566973331
-5.447196951370477
-5.427880621332718
-5.671254469652034
-5.877939235898639
-5.825516230495064
-5.741019417901681
-5.985458819338278
-6.118023856020684
-5.946571325920331
-5.604955662987249
-5.563493493185487
-5.589018743311964
-5.516718433186909
-5.496556681577562
-5.6348201460001075
-5.747603960698501
-5.522342841854524
-5.473758524297868
-5.640107160091224
-5.650814993533393
-5.615282997719234
-5.702567924717471
-6.244807042936172
-6.3419618982990915
-6.176434177326988
-5.894061566830685
-5.851302734197234
-5.9084116420630455
-5.8000729044709445
-5.658255663472302
-5.50305972709366
-5.423257625127254
-5.325626988979155
-5.400242201819229
-5.564501157289099
-5.571902210333959
-5.491527293946461
-5.7007252512448074
-6.526842944584891
-6.0465152987448505
-5.346859106223851
-5.106467173295323
-5.129102486281403
-5.398948854565007
-5.823869887818948
-5.156381312478778
-4.760713658515622
-4.553782792548673
-4.453573871763701
-4.449911913706724
-4.505190083891772
-4.687226316183952
-4.906379454293161
-4.91404857173189
-4.6418535455836505
-4.322406457419226
-3.979254970687744
-3.554554875383822
-3.127432199348152
-2.783399543490569
-2.585346672079026
-2.513962905077113
-2.6090291824174265
-2.9032656940271573
-3.3540504101404793
-3.175832021385888
-3.0264144035583027
-3.3426485016829393
-3.7919897581807938
-3.7014486609247066
-3.5347699559209564
-4.837088475341019
-3.762961900317532
-3.8215881445623636
-4.126297682199347
-3.846794323680976
-3.993940975319739
-4.235822347094272
-4.2280860745324
-4.371776072432039
-4.389367319957905
-4.465580801412291
-4.712928021428978
-4.808941040872771
-4.865175359768144
-4.9069949349393465
-5.050794270939034
-5.238968332297594
-5.286835946115991
-5.29111970360175
-5.2181511604635
-5.28217991741273
-5.310774301194444
-5.376583849411736
-5.689006572186262
-5.60676367777503
-5.599150178934828
-5.691468986093892
-5.879862483487785
-5.978337376169605
-5.797855453355907
-5.814933703765085
-6.094317889270572
-6.129035595570333
-6.274471439696708
-5.925330013185493
-5.915042319835767
-6.1296297283736285
-6.1359558958696025
-6.208253078721187
-6.174178261363485
-5.9500212391731875
-5.747732739585913
-5.917407850616253
-6.116634948168683
-6.2134563183425104
-6.143532379286301
-5.988262849454666
-6.077398206972142
-6.550268522526209
-6.378951282377281
-6.251157612388486
-6.276654907034071
-6.443862815364725
-6.513189550390108
-6.520076954141735
-6.194326509806324
-6.043286615894969
-6.067035914271581
-6.1788961698282785
-7.13649040577123
-6.723058920191586
-6.4507790284022475
-6.612613930267977
-6.6360769904471875
-6.395759147018925
-6.381560498348403
-6.735585983151472
-8.358100101001185
-7.8568145509287
-8.848809176808404
-8.499268470321129
-6.925269376369716
-6.532389740477183
-6.3009439663313644
-6.475531004455951
-7.489371864435121
-7.412957546581508
-6.674246078073555
-6.181135237371933
-6.154560418171275
-6.725805484349173
-7.165722360769984
-6.12238287131892
-6.11732456673545
-6.115034571659817
-6.174096301197567
-6.530542822544483
-6.698346171028338
-7.109993523054043
-6.397480031076535
-6.420752714481958
-6.630272904498493
-6.838820436067781
-6.877779857367374
-6.05319720764378
-5.872628524590995
-5.957514872838051
-6.244447622677143
-6.423317010898572
-6.995140320167411
-6.504294964729314
-6.507801511852989
-6.53718704993244
-6.516440438410205
-7.458149206086342
-6.962471726946523
-6.532999796985714
-7.06933689146843
-7.793902028585544
-7.347282205623251
-6.842617321603643
-6.56901999694293
-6.813576908906565
-7.318965799604795
-6.655991286485282
-6.837327841204514
-6.500890766388678
-6.261975784203231
-6.139343722608868
-6.212908832821511
-6.24865166022404
-6.661397194892654
-6.963130070959358
-6.949053888974389
-6.9252211240990915
-7.215471935137447
-7.9817794986591135
-7.603033889306464
-7.541856077559045
-7.064372695739435
-6.715990171828031
-6.618085807237473
-6.819024656966104
-6.902826387838959
-7.008024768456969
-7.016936783514451
-6.895325835516264
-6.6100763544777035
-6.730353886205181
-7.018901457751387
-7.1696920983096515
-7.533344659185428
-8.174735346945349
-7.40853421964657
-7.294190811164253
-6.863197890151364
-6.911422730546153
-6.913591278584323
-7.260907743839692
-6.945574741316242
-6.692021055494466
-6.5043954353474405
-6.714363747149027
-6.9241785399631
-6.843351428901144
-6.553695968025306
-6.541216634565813
-6.463424452720195
-6.395267211154225
-6.588438070549859
-6.8263013029294735
-6.61090086016762
-6.501612373487607
-6.29244228615682
-6.321873874854529
-6.25520784103975
-6.225555388716733
-6.572439287506006
-7.303323095530786
-7.657929775878009
-7.72774434841541
-7.544079421797267
-7.503482753857184
-8.240966131769687
-7.49931171094623
-7.66438985683986
-7.094884397902047
-6.900445467222733
-7.484973100724689
-8.064196648379701
-7.024013514325396
-6.755549496597871
-6.902787540694478
-7.47930113847295
-7.998425364578853
-6.9551533410686135
-6.781341351389844
-7.019075342480753
-7.7532030729442996
-6.826409172437736
-6.703118893670781
-6.648231352456092
-6.770811471662642
-7.0379936938712815
-7.245735767326543
-7.547331364712685
-7.829644206189545
-6.9040099325294
-6.345574303458682
-6.329884423214195
-6.374923593196037
-6.596389314544677
-7.348672219884975
-7.362721939079333
-7.142872971838388
-7.501707084154134
-7.261269344051245
-6.899092546029866
-6.681550861854839
-6.810848542253742
-6.853200149119527
-6.856483934136355
-7.0572649077612795
-7.416945434964243
-6.704745050369516
-7.1169297785592995
-7.757207065215181
-6.791380666189601
-6.156214211598155
-6.1410079569792035
-6.329441435905589
-6.555309379243193
-6.327036335983793
-6.143236656142279
-6.018806229445602
-6.308534574356424
-7.168498291529384
-7.360542427440984
-6.92151819803209
-7.073888086195341
-6.680354416301962
-6.5240208204762
-6.61148305189107
-6.214757336779944
-6.066038569459354
-6.102904019795806
-6.664799156724653
-6.891778646070896
-6.947865460551863
-7.38879148392759
-6.74937034668399
-6.4154729760872335
-6.061186409798584
-6.039773543019417
-6.1910054319552374
-6.5447895426418015
-6.970429388042881
-7.270360179681119
-6.8601274773758805
-7.124349138815357
-8.040502594943623
-6.953656094130823
-6.967458657521875
-6.424224907489647
-6.247905134096072
-6.412936239106498
-6.735794629557021
-6.267829437980478
-5.93983807161997
-6.015643345137466
-6.186252580513709
-6.554196546185291
-6.640091880734758
-6.965259327723073
-7.754644344766121
-7.953135497958264
-7.671751682149524
-7.852803741310746
-7.036775297247811
-6.602915281983608
-6.67742702033148
-6.636338876874973
-6.438866092228261
-6.388466727642562
-6.73109259765651
-7.677610719711368
-6.481000215655529
-6.32838322296728
-6.972713225042726
-6.949004164366782
-6.480276206136753
-6.55691386645173
-6.824346646731102
-7.0811668203881855
-7.097539836227829
-7.3570201017081365
-7.219314574428676
-6.98867069717299
-6.856355197696935
-6.85351939098581
-6.663036432944772
-6.482832695290587
-6.426006497002572
-6.2949699323054364
-6.419543136824579
-6.806782775998817
-7.11858169253208
-7.413066160821522
-6.9889915306066195
-7.307101146733528
-7.2756317897285845
-6.717433635569997
-6.737979971099728
-7.3173959767601495
-7.7225172154769695
-7.305085676520542
-7.0979673148225375
-7.049168254963267
-6.675553459041832
-6.501601851203673
-6.560905913237493
-6.810458496249244
-7.263974098195855
-6.76225146543986
-6.736441134963375
-6.669489050157269
-6.884384758876021
-7.0482910828806915
-7.208509405274137
-8.376369714712538
-7.006554186131308
-6.51240978288256
-6.551879664880561
-6.992055413236213
-7.852255552401849
-7.671982187413626
-7.052783405241882
-7.0819637983776
-6.857404810114423
-6.758549613858357
-6.8279825484344325
-7.04660214305192
-7.012010227050288
-7.281067302242452
-7.053691814180025
-7.327430217501236
-8.231242908442908
-7.102952602398584
-6.546392576476622
-6.344977275399268
-6.320168527182346
-6.742360542706655
-7.251500090365678
-6.746983104051989
-6.622765532978382
-6.647973442958091
-7.319591320579522
-7.070975515934069
-6.71270544922771
-6.855048715744276
-7.032678401106265
-6.904592931679048
-6.9508469011764475
-7.30565008140242
-7.16174407152605
-6.654547216284901
-6.456594317324093
-6.440285950128659
-6.7917930915490485
-7.958074261177234
-7.344585307724514
-6.342021922883377
-6.17310999737762
-6.200195563131266
-6.7261728402720795
-7.955371410049338
-7.322439141374964
-6.842113364583333
-6.561998920196801
-6.794321808491862
-6.57747313026769
-6.139140638849668
-6.126768576232708
-6.063967886216139
-6.289965349756395
-6.746431925355418
-7.314585820030667
-6.5427696281448
-6.3748171460208365
-6.500825855063781
-6.463503333467894
-6.310449663296524
-6.111704487029219
-6.223130689204223
-6.357925344250541
-6.367397265696955
-6.540357853324677
-6.379619727708628
-6.155598825637394
-5.878371980278691
-6.046792831990456
-6.590646082464439
-6.4723058609984765
-6.213281046193821
-6.294920641548994
-6.412003880083055
-6.275480789414171
-6.27133686412516
-6.2485632390472325
-6.165695027603269
-6.028963299743389
-6.058865804498533
-6.3709448003005695
-6.891968784156028
-6.732123823638051
-6.203431503375164
-6.202224039842862
-6.090591162880306
-6.081839504485713
-6.097309374240953
-6.233436079640719
-6.622307271910168
-7.046225273365264
-6.3759786612051865
-6.101577943909688
-5.9242665027701
-6.233082537050997
-7.723246000374514
-6.5545764611395505
-5.754437406329058
-5.358781376828806
-5.1677657737342475
-5.049939486662163
-5.089625971813194
-5.315323747175271
-5.820580349798655
-6.362057833513024
-5.457212420523397
-4.853783175394307
-4.544189573514011
-4.400590080861669
-4.254419559535251
-3.986723725463818
-3.754065346091871
-3.6443717946558887
-3.7562001436989862
-4.189757663560873
-5.052869916910602
-4.170755571028911
-3.994683672135057
-4.488443291367205
-5.522553674842936
-4.519172506336469
-4.569502862678322
-5.2212191878048415
-4.509002569359793
-4.9457651575374815
-5.200659220918532
-4.78624317359633
-5.227190543960018
-5.284921043249652
-5.207314484444243
-5.319856692486481
-5.078590407060794
-5.217349006357673
-5.565288427318213
-5.665012584603149
-5.7046896251061465
-5.597591684855371
-5.599989158969285
-6.02170093799107
-6.700361305662443
-6.899590444202047
-6.396709780816135
-6.56711503120017
-6.458104457019717
-6.334310546366935
-6.3399528195252595
-6.238046055159115
-6.29366623660367
-6.539638206214968
-6.361851511632438
-6.443745869561574
-6.704049544195214
-7.2598919939031585
-7.63474056201556
-7.216312753256033
-7.293061101299314
-6.775085721983615
-6.9137103259250114
-7.217180031193253
-7.765642105030878
-7.590499507657609
-7.051799399381102
-7.015971422258849
-7.1051938607669545
-7.115190725174082
-7.44675366083116
-6.813298092911927
-6.739316302727613
-6.7589617755335984
-7.112519276446183
-7.837544870234175
-6.947825783805286
-7.294650490111773
-7.854123424827382
-6.966691947774199
-6.768307429547121
-6.898756127263998
-7.507636903750528
-7.236830059912202
-7.27820085700728
-6.797392081737082
-7.112826435910661
-7.3440187708514
-7.34663980246913
-7.243048748929272
-6.747209739957638
-6.342915184942905
-6.366700751423593
-6.3753159221548055
-6.2757594228540015
-6.509324890055494
-6.881803357125602
-6.941552630045913
-7.130600587691705
-7.796804760534562
-9.19819882639963
-7.3532277608897125
-7.011632810150195
-7.229772521802864
-6.918807363591315
-7.126653386257899
-7.865366054128365
-8.252661362024945
-8.789863907036459
-7.988378586255456
-8.216069198016271
-7.862248094373845
-8.403073105933084
-7.960607013450078
-7.673101958599046
-7.0943549899640015
-6.675124805302539
-6.583125440918311
-6.907378526917748
-6.77407973041532
-6.9976109201574594
-7.546837077596777
-7.1892566847002835
-6.915686699745896
-7.038701618319429
-6.90879074376191
-7.389239859152227
-8.146299559906232
-7.510333362969874
-7.57665560193395
-8.333830603132858
-7.156173415193764
-7.137480200700536
-7.193633155992191
-7.267634521678277
-7.120294526934398
-6.848273845512747
-6.658842310197606
-6.688520191673981
-7.295815576133223
-8.594935749200483
-7.996569899143315
-7.29549105047911
-7.151985602755873
-7.153797722238409
-7.089210525380601
-7.27076521572907
-7.276303920380945
-7.162772282039973
-6.844736392004667
-6.937580328741591
-6.986957198238551
-7.1700031366823
-8.259247086802246
-7.255425216731518
-6.865884875276033
-6.911805850937196
-7.093350348721717
-7.024448926709811
-7.181833264543982
-7.42111235961475
-7.723475686698245
-6.827898810181783
-6.643785452367893
-6.65746810177914
-6.54267625223516
-6.580943000466088
-6.664778567107003
-6.782502394976186
-6.898286671688147
-7.252025531353317
-7.5833436951500435
-8.180403343477384
-7.841648721598331
-8.26345189244288
-8.255168710789551
-7.6017465334411725
-7.770020045282243
-8.921399619831766
-8.377607608534133
-9.0330037305874
-8.318589417188933
-8.240011296763187
-7.898330660425977
-7.365173370281432
-6.881201488282511
-7.041511502766739
-7.125132169897036
-6.91980759168622
-6.784585448869097
-6.449913733660979
-6.524523447126905
-6.460855623093112
-6.338346300726387
-6.4009222530117285
-6.811835475476588
-6.697348600395983
-6.805178919835513
-6.77593562984586
-6.781904605329716
-6.787369163634633
-7.512707648237114
-7.44683819463859
-7.602129652311544
-8.213023108095861
-8.288940607308131
-8.24104818354855
-8.103169607319177
-8.540163022826121
-8.994217447163196
-8.064820829278643
-7.925024623325134
-7.703657989528637
-7.1316785608377975
-7.045006505983707
-7.145963019631824
-7.452367824647196
-7.508970408464876
-7.710434918333262
-7.408333849314616
-7.3952803978735115
-7.264354819873412
-7.814743464872652
-6.893931151238027
-6.706378364438872
-7.1810439851443135
-9.227172196202778
-7.697288566991636
-7.454880524891521
-7.543514173301175
-7.339002550909305
-7.120473955967776
-7.459708261460328
-8.436691110085796
-7.761579897188302
-7.43917535111663
-7.859471408209388
-7.889915402362097
-8.007486413827927
-7.713603163032353
-7.8932723930376785
-7.5602492479251096
-7.410472843447916
-7.347822728539826
-7.796017755739038
-7.141254869997786
-6.878191471951315
-7.082693906735792
-7.142048264700137
-6.774382566420486
-6.683255497150726
-6.749603409786801
-7.8435178804238195
-7.278114673566525
-7.174587869191788
-7.169686944577742
-7.0152587539743125
-7.16374155647788
-7.025373897463442
-6.9107119816992455
-7.10306161325105
-7.702498303551437
-8.036831805932586
-8.146256236467115
-7.732560674465067
-7.767329690713924
-7.443480500137094
-7.346359560196212
-7.304067692537247
-7.592525367335398
-8.364003581365102
-8.794557800674731
-7.710959818801762
-7.238417107312433
-7.129962095438099
-7.16090881274896
-7.683314171048065
-8.63017453843802
-7.809710447661574
-7.626445961995073
-7.526039795379606
-7.637478632633318
-8.478543537550735
-7.992688593679336
-8.583290329962201
-7.685837641870061
-7.310457912981748
-7.315227431896848
-7.3311796172932215
-7.447387731359636
-7.631350490097411
-7.736605880990348
-7.979267271092817
-8.599427513072932
-7.841530109648234
-7.652505750385301
-7.6607252794533585
-7.877150696709803
-7.9314045555409205
-8.241606718135499
-8.440363798289233
-7.785291217494656
-7.782377721321678
-7.544252207812006
-7.697840189704127
-8.377834390154307
-7.973661530211815
-7.922349039270777
-7.702749866317668
-7.683532904503811
-7.877632499254118
-7.947581584412059
-8.330656844813905
-9.612659882435254
-7.877824004647165
-7.709498826186413
-7.618225906628676
-7.868132516247573
-7.686392681726578
-7.224889568945067
-6.86891825909991
-6.911500322613998
-7.0898344989419915
-7.248859107436973
-8.172275134197022
-7.948086502679458
-7.3518868822627415
-7.509018940658637
-7.742607974588296
-7.313303401329736
-7.377075868033548
-8.123232219773447
-7.741469451883357
-7.683015629679841
-7.831214056133422
-8.441133310011173
-9.42098329104773
-7.995668881629292
-7.470081372962818
-7.452591719872231
-7.370812588152941
-7.307934398023897
-7.356396052216647
-7.57894298829421
-7.993946957938351
-8.120177677851466
-8.603965102931507
-8.442704510824239
-8.061960733179555
-7.91282904209132
-8.009238178863132
-8.271954760636008
-8.117341365861817
-8.346026947271268
-7.680999983755956
-7.988881324307578
-8.78412646799185
-8.130937220328097
-7.691243283607108
-7.896003817310698
-8.195982775437963
-7.6968575825077306
-7.312734112978359
-7.386614539789474
-7.574383294148676
-8.663379356245137
-8.396381292743914
-8.0345727999714
-7.581321493713793
-7.519671648669945
-7.674982217915933
-7.421421489564879
-7.3014205744762615
-7.411332044290666
-7.93782507715648
-7.953815836483152
-7.711382745305989
-7.6009548791811135
-7.425165466438442
-7.336130519721142
-7.685763444337017
-7.701782133891013
-7.728479465516489
-7.6912903981162035
-7.647705732128353
-7.41505317071575
-7.617893636627355
-7.574867554701996
-7.503242015270319
-7.521589489070179
-7.332035113743295
-7.35928981941036
-7.429602610666282
-7.567478613955531
-7.928147787205972
-8.231181501342801
-8.01146955581447
-8.491772571806745
-8.111107111962653
-7.705678871255581
-7.39516553502456
-7.490571156144085
-7.791927971744415
-8.004177040427388
-8.117471427296683
-8.20017843825154
-7.951915954009009
-8.03970596859224
-8.859270881514535
-8.32194161140296
-7.847772816153026
-7.359597111410916
-7.353242714651412
-7.840309330161759
-7.431958728658423
-7.235144170154089
-6.933730435085399
-6.954608953192354
-7.319366288191056
-7.898187209931788
-8.788194899528929
-7.984537598093056
-7.423340905378945
-7.150716878622584
-6.9000433340679646
-7.008510837931539
-7.059987860533369
-6.868599437081999
-6.829862871620671
-6.867929362798385
-7.269228245181252
-8.117099548625816
-7.401327535711595
-7.722906923594968
-8.141835836447608
-8.187871663466268
-7.912820365327773
-7.362396622453
-7.308606575309715
-7.367721938845869
-7.181087968679226
-7.559683236100328
-7.918963122084365
-7.039091430585255
-6.600096032283041
-6.427888556096061
-6.131911351123695
-5.828384507277627
-5.679479262964534
-5.6932717382072955
-5.821179944794048
-6.054926498712702
-6.5567680399511605
-7.2392379683034225
-6.024311464167155
-5.46986494472092
-5.2231536957258315
-5.037056877240884
-4.706918453146323
-4.354419738678645
-4.126676879441979
-4.060156684937405
-4.220364656529072
-4.601878401714098
-4.744089038273361
-4.413346866286057
-4.404640151034125
-4.837301342974769
-5.4034822702116445
-4.960369860917872
-5.027720450264131
-5.960004595416328
-4.965715525624198
-5.207015926487242
-5.219439931273231
-5.124304352041027
-5.493533011082349
-5.286235745625741
-5.308211153509964
-5.474672486543489
-5.439429742887891
-5.699476331429035
-5.772429051668374
-5.730395544850745
-5.8281434105571
-5.811312978479924
-5.912223413940204
-6.45017908935564
-6.460459975016333
-6.433069502782497
-6.354662246620219
-6.4397973912606545
-6.652250309548352
-6.423323509183765
-6.143938031305493
-6.43313520909023
-6.69062401523483
-6.50693989681121
-6.462007689999853
-6.8564337458382285
-6.866845865770883
-6.565273950125055
-6.251956998148536
-6.357019246196251
-6.2198134781130285
-6.235823703716798
-6.272323667904815
-6.249590231365778
-6.505539048642484
-6.5065220074930545
-6.474405395438345
-6.5339426495105215
-7.0899758156696056
-6.692250094321091
-6.8319002509242495
-7.151331262282534
-7.045396023351795
-6.869702037292036
-7.265448234697196
-7.401713684868988
-6.74538119312632
-6.765704446657832
-7.818391304063658
-7.417506827456989
-6.721209018547495
-6.6134057374717345
-6.635720419317338
-6.947373728563501
-7.6234032545208
-6.981920318212301
-7.329345041821129
-7.067382704968494
-7.064604371039685
-6.8519657581947735
-6.8878672277852875
-6.915834320916304
-7.08580446619069
-6.739740279363375
-6.723217372484533
-7.2197301947236365
-7.215917116042166
-6.945015547250458
-7.028205619446488
-7.219675719918867
-6.97756597636896
-6.7627735306336145
-6.968521126136968
-6.947141888275129
-7.205157596861538
-7.057739886573614
-6.754291818628027
-7.125963831544311
-7.091451787005333
-6.773303734654688
-7.233558622937259
-7.345337262694898
-7.522686733402641
-6.866414149361924
-6.654555289375861
-6.423036835401308
-6.377667910967957
-6.464681505849704
-6.556588635119959
-6.693815116088423
-6.806639467850905
-6.767226796793579
-6.964003027877115
-7.627241140536264
-8.688830052909731
-7.832411376805577
-7.052915116522913
-7.213184592233891
-7.712124816191077
-7.049556778898972
-6.94557857296796
-6.814747721859116
-6.580345842895799
-6.649954453573535
-6.900655986747559
-7.68363814982892
-7.384734142744999
-6.821217103384899
-6.609461922488264
-6.889045669208854
-6.874741329271288
-6.988570907633244
-7.026122341840016
-6.971796540128208
-7.088896142449942
-7.056052054541679
-7.148589286885551
-7.3048065090641945
-6.843559420289928
-6.731787236878172
-6.795555447276044
-6.761351710330223
-6.928628804336786
-7.280297492449902
-7.214048953795564
-6.853987011317358
-6.689673663102548
-6.711432441763781
-6.937581525818606
-7.328846311134378
-7.143832986996428
-7.435096898003657
-7.054840281876066
-7.056037006525194
-7.187208578480956
-7.479464814763447
-7.56065494388365
-7.4627354059104984
-7.940525473452521
-9.713509249882302
-8.270895071027102
-7.729529338883948
-7.683662945754271
-7.869675362991133
-8.100370630951511
-8.539859244592861
-9.792368785016587
-7.567549035488593
-7.142459033364713
-7.0244627901053835
-6.907662766078112
-7.022616408734808
-7.088435864437151
-7.365876087917825
-7.772071146017328
-7.093166976343258
-6.913257556300888
-6.693738484478555
-6.762987393398325
-6.744466974475814
-6.848397391654202
-6.981316340320959
-6.961311353618081
-6.92889714946609
-7.120614052189585
-7.267662092407344
-7.107960811279296
-6.920003980961267
-7.410163806226233
-7.633003345296043
-7.173731742271723
-7.029711187203666
-6.979895597656379
-7.288124588028261
-7.3113918363580765
-6.8739675715898985
-6.885618993838194
-6.6687165314451775
-6.834199255938139
-6.807925522510235
-6.579387898253605
-6.509393750777964
-6.76709103176832
-7.415933938368829
-7.746581327458979
-7.219963682540482
-7.716248894742115
-7.750566485104298
-6.9883516028821235
-6.6663790521928235
-6.52696413736034
-6.623304959170188
-6.679686914860222
-6.59319805744564
-6.784381550026024
-7.172074467051261
-7.052018766075194
-6.91689564455764
-6.972925537282784
-6.980924090261008
-7.592862273090836
-8.410451434636238
-7.458865114564653
-6.803751106071691
-6.67385052844174
-6.8537357172755815
-6.877412213183571
-7.061631521226545
-7.584431960988048
-6.9848686302643355
-6.786697297681628
-7.203132068853462
-6.865388740244746
-6.544907447093529
-6.460126784222416
-6.540459433259598
-6.633183295589111
-6.994042279152943
-7.45023938481913
-8.051165867371335
-7.6994358737726785
-7.2060171213939395
-6.891315248284028
-7.034309076110043
-8.794594347813504
-7.687480939500917
-7.950360894842136
-7.981592520898122
-8.211127070969528
-7.095817514564817
-6.889093048582244
-6.823924912754837
-6.800497781077419
-6.805110163376591
-6.888850655129111
-7.197003610241048
-7.08224157534492
-7.185572853461548
-7.097591637536189
-7.01128067649811
-7.143899988573705
-7.484463254338138
-7.233216153321153
-6.939890561602552
-6.81839593875065
-6.860841935911298
-7.096617491641963
-7.3592624617034215
-7.518509258356148
-7.319063322615898
-7.148602003039734
-7.4181778927004345
-7.161060681255639
-7.019069001546666
-7.137739311457675
-7.833412249757837
-9.539793619254256
-7.947086805953407
-7.575179774903868
-7.350484784306985
-7.516098732320625
-7.569029178012026
-7.448527982725814
-7.2821055189279
-7.484979530583529
-8.420065614190417
-8.201047183839114
-7.534535272326481
-7.233713166050378
-6.949071485370408
-7.069959264145931
-7.231890970286433
-7.17958457350994
-7.243048371485621
-7.598638079225762
-7.1845458765173715
-7.035747598730128
-7.185637730221068
-7.835689763891451
-7.957176362635499
-8.821018667794723
-7.689961188754142
-7.156030797875654
-7.261309687811374
-7.187450591451451
-7.138297435695037
-7.102224425707165
-7.160073877954027
-7.405417719036929
-7.383821268239395
-7.394105717258286
-7.549062091688431
-7.5639950810718
-7.574332915969537
-7.514596404902503
-7.133886624070401
-6.984528706172252
-7.226686569324397
-7.382877535902294
-7.248517729882735
-7.3190004216195
-7.503786447080065
-7.712137335512838
-8.409860805780108
-8.676896955953762
-8.181690317740825
-7.9778805531594275
-7.678246466362101
-7.552794042764439
-7.271579091376563
-6.937610942431083
-6.981068378232391
-7.163358697484293
-7.441759418391707
-7.316873337229455
-7.193113322874225
-6.88617317803421
-6.745311440624135
-6.843819379980034
-7.029604779260185
-7.2337840636451824
-7.058816227443708
-7.06527942659721
-7.144474745335081
-7.253622014339307
-7.188075587711983
-7.067050939003978
-6.932354457859638
-6.948239888588355
-6.995221593383544
-6.929967043354882
-6.981385557277274
-7.127806431145894
-7.052273502514628
-6.999376434064219
-7.023853907311773
-7.07286636845355
-6.979044765552623
-6.882495879659712
-7.0175753646145775
-7.363616775010599
-7.217139387776512
-6.937924778920289
-6.84291887626611
-6.9176883434944685
-6.903569398392528
-7.045987499460184
-7.083000647178338
-7.161708324303098
-6.999703287885791
-6.9221753594333375
-6.847199488820124
-6.807321923310756
-6.721343355576238
-7.056583599360923
-7.704202848756817
-7.667044710395605
-7.309692397661718
-7.042666430991698
-7.067391690262914
-6.957853215639747
-6.865253066159961
-6.762286819447979
-6.750504031488575
-6.782505943393767
-6.677190202098007
-6.611296676312308
-6.48359170215279
-6.4826878419502565
-6.623182761046133
-6.61107809369258
-6.6595899581057125
-6.695216600041189
-6.819799412725976
-6.8039645042748695
-6.741417005398345
-6.759814043963187
-6.763367980959768
-6.817246581814676
-6.812024273865215
-6.867747543103929
-6.795811935732365
-6.495090390785296
-6.380832923280023
-6.303139997819542
-6.3776919246434804
-6.387948931830309
-6.509354874719106
-6.616731072634344
-6.924532291595257
-7.054003608500079
-6.861938820443438
-6.798902528064086
-6.639940235035822
-6.554441454726992
-6.770476814264374
-6.99100140803786
-7.189174994989114
-7.178418494327252
-6.745497645830824
-6.618864508117923
-6.379177188170522
-6.297088860509794
-6.370925389713572
-6.488590258122842
-6.702981012297108
-7.064762546004449
-7.54955486002557
-7.3973466802536425
-7.13526448552212
-6.73886845378178
-7.16236999442919
-8.095070039124009
-6.660309150989058
-5.951354203012275
-5.570181053195933
-5.382532064279348
-5.344683324831671
-5.368957370807126
-5.49157620462662
-5.712667235691883
-6.1027246235300865
-7.033605082610097
-7.0311303820723845
-6.01829444345947
-5.604123441353823
-5.349596026658621
-4.978895922469855
-4.520628803906099
-4.131417201309199
-3.898581445562843
-3.7920523956628918
-3.8443386025162147
-4.046660399060254
-4.281678383969005
-4.1532206918274355
-4.119233459708429
-4.600213994950564
-4.810656268024107
-4.3230567118053225
-4.3101111878747425
-5.875980799018309
-4.244848527184522
-4.508574845530694
-5.317501526561678
-4.564586204751079
-4.908051458592676
-5.002373368499675
-4.799954128927552
-5.0748587880916896
-5.056732350681533
-5.149199362303076
-5.43606852470442
-5.2962631216062555
-5.364020555769922
-5.533759412276953
-5.555759575820457
-5.750707047251246
-5.912825494633074
-5.883099147539563
-5.8765724101674195
-5.881471330758297
-6.014144349792644
-6.336563959011637
-6.155335657286254
-6.292353713145486
-6.549340081435388
-6.359166707490381
-6.400709433965187
-6.833963185214965
-6.809371963406772
-6.469509881632361
-6.330269010772588
-6.755888188558871
-6.73059950901449
-6.782271741710425
-6.546266547349757
-6.31200355991285
-6.457048369448453
-6.264884262229532
-6.2914361570238775
-6.189905037444234
-6.34610534187156
-6.167827487245629
-6.0365553645162615
-6.319831111451698
-6.728362174616643
-7.021443948493941
-7.180216614484015
-7.6867613219828534
-6.7116002797205025
-6.436663767406323
-6.494417989947317
-6.816054685558139
-8.02935520923171
-7.383361572642123
-6.694982901630047
-6.509586305916942
-6.787707297901943
-7.586105585864732
-6.984150600767887
-6.95275330391531
-7.3077519984570145
-7.398395951660899
-6.886861703810842
-6.872337938203716
-7.229686514301836
-7.333599479584228
-7.239802161805154
-7.780238779886678
-8.01639728436257
-7.434262070366834
-7.1289464954204815
-7.085273390083311
-7.196608922668804
-7.762477776796985
-9.526107743826486
-7.754834357579748
-7.536762742352228
-7.518207106024254
-7.090585323485658
-7.192498787784482
-8.549401108717191
-7.24382589759819
-6.886858881399794
-6.811969217085917
-7.120474724120753
-7.958674243159467
-7.641248794705029
-7.054591916806163
-6.800684507963987
-6.805771702840573
-6.622826455636862
-6.8072195753312
-7.032136226183579
-6.799516575535242
-6.807128424616051
-7.1907870295935155
-7.922906828314317
-8.059553369413935
-7.451245526276677
-7.199457293041236
-7.693416769926199
-8.293128832624312
-7.364133025941419
-6.8399173466115295
-6.69471418333866
-6.6889575424390335
-6.773367077281463
-7.4676706071252745
-7.513720941714019
-7.031220498896405
-6.742856261687372
-6.760838388540578
-6.689678403892147
-6.541037185204308
-6.521086711329707
-6.58158393050152
-6.938957789618669
-7.580312552185156
-7.63070163850977
-7.720022441973424
-7.202535547866835
-6.677943043436315
-6.628039607327058
-6.830937519969471
-7.297693388899475
-7.058790138365298
-6.890944636337983
-7.137706315081266
-6.94263392692215
-6.58917631614767
-6.566982778711586
-6.88652140488887
-6.924133179728688
-6.810143820833214
-6.787812592987991
-7.048502310705437
-6.971581128808948
-7.265937929526282
-7.639503284645496
-7.413046855537214
-7.392478558188852
-7.502224454717052
-7.277981232722182
-7.249299533952135
-7.610493935145719
-7.8618031519086315
-7.248955095011376
-7.230271317166726
-7.237455515069827
-7.24645787408744
-7.567219739913657
-8.088088970002975
-9.12658766275099
-7.8271395608307435
-7.488998851814898
-7.233946251765912
-7.24876508885321
-7.482398877138833
-7.655506879678234
-7.1686331607211375
-7.190458173787764
-7.506267714357378
-7.2340706495268075
-7.527549329067441
-7.683310170972538
-8.073301823549771
-7.524844876639517
-7.227534002531202
-7.549156911827582
-8.003016383581018
-7.664619932577495
-7.964086312223075
-7.426005873488865
-7.140764258381766
-6.883843023389974
-6.5974888635359585
-6.715679025537529
-7.112197981259064
-7.605756454229776
-7.857572771617652
-7.103893431717259
-7.7539349157554875
-8.180775562294443
-7.2222652062280295
-6.8113425205849545
-6.758342888744628
-6.887172535459924
-7.0416571144464495
-6.983154782183716
-7.044692845317389
-7.768274798753302
-8.47550280457462
-7.770294517320287
-7.626905025327451
-8.246140724134865
-7.550011696883024
-6.994116368605344
-7.095831547947563
-8.04920154527581
-7.6744993608000724
-7.1965429426003
-6.9642388433407545
-7.0260724153324805
-7.675666926415055
-7.2356725217811695
-7.2712251871969436
-8.011171973445823
-9.608458767189111
-8.21611612936775
-7.636171186657325
-7.6247643189927405
-7.2774265715234305
-7.069075379577317
-7.503208415374455
-8.321223789820243
-7.478215906602807
-7.469385093754793
-7.325869823464062
-6.7949971804539135
-6.911530518350775
-7.682042826160595
-7.316374063400943
-6.802037373518032
-6.545067656098454
-6.637253481811161
-7.186247718249692
-6.986129508959515
-6.90476578656495
-6.715962468766242
-6.542061425352031
-6.543139789275814
-6.715119802151021
-6.929136360535283
-7.02520887055115
-7.118940198538622
-7.312324313951571
-7.438332727523135
-7.538990696708157
-7.310901118866496
-7.5609628692910125
-8.381620450264355
-8.682222646820506
-7.7440133094942665
-7.614437690651906
-7.4496628181919
-7.102624016825271
-7.127123432127871
-7.372254097655345
-7.092140015232692
-7.016756513852447
-7.341158274320067
-7.45237748153425
-8.046182454458933
-7.689423902039251
-7.723879599336915
-7.860745104152141
-7.6957282167610055
-7.475624313527021
-7.308765308807081
-7.1502199459717755
-7.1833674182456875
-6.913196439091993
-7.113139589146023
-7.626120858457296
-7.263495532551804
-6.928834070743054
-6.728118379576968
-6.798122075702939
-6.855932000657652
-6.963606872839617
-7.177154440050434
-7.108351362901045
-7.343822888705699
-7.826658653711088
-8.233782210387773
-7.837665569944236
-7.692298754512475
-7.8065349596547575
-7.692847024671458
-7.117892221039781
-6.881304539705291
-6.8040400760730435
-6.776771216881513
-7.002343084894775
-7.322496472042483
-7.314909069458966
-7.458364240629394
-7.63838262987244
-7.7161273306137454
-7.8182400976992135
-7.583782520060189
-7.123984312098367
-6.954186235210957
-6.93486407576598
-6.954701893104607
-7.147973359840738
-7.517811640473248
-8.1473820168826
-8.220807618032431
-7.779798077927047
-7.137793253141886
-6.9194855206889265
-6.982643951708593
-7.122816552701536
-6.881435868011024
-6.841069968994266
-7.088242345278384
-7.2998053244886805
-7.768860589952903
-7.207374705491557
-6.697267855678901
-6.723210992313013
-6.8868966925762125
-7.014028296483586
-7.349021640732763
-7.41607238456865
-7.1505519837288745
-6.918237849686083
-6.811552505831006
-6.998019039092973
-7.906287112685674
-8.365934891307779
-7.250369173054697
-7.387873614489142
-8.37099000706271
-7.303093573425683
-7.178894695421571
-7.379991126759099
-7.611008790887776
-8.099982887404094
-7.042299043221041
-6.973407380666627
-6.926451582248156
-6.9000620332540175
-6.657178025383926
-6.5282517980149235
-6.781842036094403
-6.779880424435493
-7.008372547736765
-7.614239885648568
-8.047684794672081
-7.519517840539802
-6.884974305062943
-6.448415720460553
-6.397943154957146
-6.413683182630064
-6.613601740933442
-7.438518346281971
-8.20181482658785
-7.575815991515662
-6.835013177356329
-6.513733628911872
-6.6603398396495015
-6.890945945734015
-6.813263167266807
-7.089036296516361
-6.538768950774962
-6.216597359765208
-6.375297919667656
-6.857373479511889
-7.103965221486224
-6.575261969015404
-6.663066986338062
-6.931015966756749
-6.806265505748774
-6.935660292935693
-6.409655744195691
-6.18315440367128
-6.405407156570392
-6.453472025928084
-6.752685941816936
-6.624056741544282
-6.5210989224683145
-6.667674805299029
-6.7381484318619576
-6.449553084513286
-6.328469566075101
-6.484372731116458
-6.9376543503171275
-6.727155739609608
-6.548993507520334
-6.467116920707355
-6.600973746276667
-6.518972122794265
-6.395711039972977
-6.44264250155769
-6.7144276066984725
-6.597177596407287
-6.461274181918101
-6.2930982800502155
-6.263162191373616
-6.429565405248984
-6.502953546554924
-6.570094925657108
-7.395736577505567
-7.851481451824958
-7.09437291779185
-6.460020191343954
-6.706439123721758
-7.02303954807775
-6.533501499450311
-6.069258903600744
-5.975118403942493
-6.092254670757814
-6.510270257167505
-6.254450772390471
-5.962114454391864
-5.8468670098698015
-6.196532368159641
-8.330205590340762
-6.148906700264281
-5.595806186051847
-5.4026744759805965
-5.378456227415345
-5.5443943877223445
-5.671882806341512
-5.212805121712625
-4.836539971651454
-4.642622485204186
-4.531468808925941
-4.495157116730892
-4.536334488748981
-4.654127630783089
-4.966245496428003
-5.501591593343718
-5.327522874997255
-4.730542936413386
-4.416312981321976
-4.161057252236218
-3.799768906958043
-3.4408294385571327
-3.1890042438490074
-3.1159896909559297
-3.2205130049837414
-3.5808441183904542
-3.7770192181642686
-3.422924126947178
-3.2884402170848084
-3.602129829081804
-4.19579608542383
-3.9442694458483007
-3.6326495885458168
-4.190508499778573
-4.116138831501498
-3.7269263166605837
-4.5085624825062
-4.083136610315297
-3.9858759602496625
-4.391651735011774
-4.24530487025436
-4.342331415543732
-4.536851728036621
-4.516126388166014
-4.756780240182354
-4.83636184010283
-4.848573113365717
-5.006910739116079
-5.075065333377948
-5.259672898508151
-5.368448125322194
-5.387907980921168
-5.34387724577626
-5.303887141591808
-5.402444396761683
-5.436158798335826
-5.424155218601906
-5.567307610976512
-5.640632986474348
-5.540963810920492
-5.625899328142491
-5.769069244577655
-5.6970671455697515
-5.595818637250503
-5.71335141910939
-5.972465644691286
-6.1237554434029695
-6.004226537633877
-5.85555771581727
-5.8797639488461515
-5.949796399462145
-5.912879084627146
-5.929413882853695
-5.85343847089104
-5.800734399438646
-5.899589322019422
-6.115553490229678
-6.2915462393210975
-5.969165454920895
-6.007049068518443
-6.464618196273328
-6.354113527706697
-6.055514429647304
-6.207045412703481
-6.544045968378935
-6.057602892991436
-5.849626497822825
-5.785295105860705
-5.943639613777258
-5.991830302137132
-6.435158014000034
-6.837260700052465
-6.424494454408085
-6.225545446089635
-6.619635222061409
-6.7800958484682745
-6.477096954606787
-6.295983741989224
-6.269813319451449
-6.380115723239508
-6.417419533329588
-6.473232259924592
-6.523290972925082
-6.309296365513815
-6.4613895062149975
-6.477336498750057
-6.457005336538594
-6.75631771609992
-6.6616887367288244
-6.103870067757174
-5.986571113622114
-5.924639013935899
-5.867147802896811
-6.054817144587078
-6.283615685354976
-6.068960392397037
-5.8846268921793214
-5.921452807218737
-5.976648180534318
-6.036409977174085
-6.05153405175158
-6.074672055428799
-6.238027121309981
-6.543049796412128
-6.851530185465694
-7.162097274250866
-6.575042759740524
-6.210594586753525
-6.182088119314689
-6.308172755039791
-6.256702682500619
-6.214158355827895
-6.310983426796473
-6.2822690973168385
-6.326346462989709
-6.571006531537227
-6.550401157024432
-6.578889008392692
-6.21515848377765
-6.168415282241943
-6.778151679692465
-7.116294576443332
-6.573877894949301
-6.469541368994585
-6.316363837870228
-6.20561683616939
-6.183423373506762
-6.062574176310571
-6.066850881718764
-6.285127310417913
-6.3602339303172615
-6.307863774212649
-6.445835871161479
-6.626105426090161
-6.895912963383543
-6.943888324486988
-7.152406871136971
-7.07159786095817
-7.691538700259075
-7.331945645174205
-7.041541702507425
-7.087927785201908
-6.979174322932095
-6.899437679945475
-6.905381235053507
-6.89459459911695
-6.991609507870763
-6.814790656680221
-6.835972992242139
-7.102909388153267
-6.9627433693773515
-6.917715620078656
-6.926098157521511
-6.840577419438307
-6.661924654940328
-6.828154983254851
-6.852972395827804
-6.76972954261406
-6.754529599292101
-6.958744425106989
-6.7705400777182305
-6.513229209893831
-6.578277995636236
-6.442181180660974
-6.375654857755256
-6.497965613922603
-6.8114300363890345
-6.864908791996457
-6.608500154098784
-6.482975017478909
-6.39083058516785
-6.374632359334442
-6.42639857627688
-6.571448562587075
-6.432710545475783
-6.6665479625615385
-6.818441578894968
-6.83851918541484
-6.582019721869913
-6.413781255601798
-6.627835377923573
-6.802891294492451
-6.685042687712841
-6.738217707388025
-6.774807594090335
-6.982314988639423
-6.747425559171904
-6.524882208648696
-6.431059683360943
-6.325920269307428
-6.369973984446185
-6.46586342313935
-6.805202531232047
-6.913204901638177
-6.484314998153839
-6.556485853556543
-6.807972061061554
-6.513507889801408
-6.532028039773072
-6.498586822648007
-6.493935569859588
-6.663222200995525
-6.7816601217549115
-6.661170894515886
-6.929841688161781
-6.567833030909404
-6.510216374062657
-6.2736987919163205
-6.284017486801737
-6.375532892900722
-6.324335013030161
-6.326292667693368
-6.6050162970394615
-7.154079963285125
-7.252188061276482
-7.10554329250624
-7.07552957428287
-6.9546023398299
-6.494048704026881
-6.560258927286095
-7.038458074257325
-7.357401137435849
-6.919496059995259
-6.76393345101048
-7.034038493625369
-9.91208737272419
-7.064914479070138
-6.675575200525201
-6.801157045171503
-6.935437291519629
-7.259678227910793
-7.33263930839038
-6.770189186443208
-6.442407151477666
-6.771928423803446
-7.6229834050789504
-6.572371984159211
-6.353271748699467
-6.477406321906541
-6.72777736856383
-7.100408469308125
-7.062065083553845
-7.891380155432163
-7.108507300516716
-6.949026899952659
-8.225001866433196
-7.4299719111889875
-6.852474748947249
-6.707879230158778
-6.878925174067842
-7.346064400348348
-7.227496325807746
-7.125853003055678
-7.668439232045165
-7.1237348218597365
-6.784756799366505
-6.513644659046088
-6.308533873149602
-6.382417323775892
-6.213006764699348
-6.278990119811824
-6.924941992157903
-7.5483693341400055
-6.83092381528322
-7.402856383814472
-7.722809359518428
-7.686359493404114
-6.700269129879758
-6.471021180626787
-7.132044432486884
-7.103732197648513
-6.652864923466877
-6.314933461701187
-6.337730575397139
-6.352891114979074
-6.385800949304019
-6.514526404913088
-7.6293371801046215
-6.529848116950102
-6.4749148640772765
-7.328805571351957
-7.157438733389613
-6.629198793362091
-7.169280425213637
-7.1424881620024765
-6.8160983593974445
-6.91935355952677
-7.210648398198678
-6.768943463897192
-6.857360307116974
-7.634044792549164
-7.335686113509601
-6.909806503955557
-6.618673739584883
-6.331798883019746
-6.422815575978434
-7.175368899143591
-8.201203325132695
-6.8770228374837465
-6.636523477537338
-7.8709332409310075
-7.392518255551387
-7.402274573675822
-7.560788554756107
-7.155421121222533
-7.113757717939723
-6.998519522402281
-6.72930518633638
-6.7064910591731985
-6.699638711577729
-6.555598298357274
-6.735651201727227
-6.792742900841214
-6.601223027936804
-6.269907810268908
-6.375507175577438
-6.916876755225029
-7.411890896633339
-7.280462901049686
-7.273560739858906
-7.09129097079486
-6.3817637474707665
-6.381105410575893
-6.322028649954585
-6.616591679402074
-8.036565948110155
-6.658379714976697
-6.659116240959141
-7.0631193032159105
-6.829037057561647
-6.4781622841621
-6.355478543891825
-6.466534656523128
-7.041609362624903
-7.867564046854561
-6.754054626067814
-6.580199013798736
-6.980704955455991
-6.787168736962593
-6.75048677718164
-7.438256174815216
-6.565543342397603
-6.726932436816264
-6.684201294144272
-6.594812418423216
-6.550971928930016
-6.395120049905009
-6.540282307791046
-6.705024629045872
-6.799503021672507
-6.999049680117241
-7.305300976760662
-7.899270967806002
-8.023972668576867
-7.309795968251658
-6.64229006854997
-6.359406639599061
-6.364325995501833
-6.332069012037456
-6.484540371775481
-6.979590848702407
-6.884297388817316
-6.855562870852655
-7.041998042642916
-7.114746700866655
-6.915857486410659
-7.116549809638711
-7.1022181701558535
-6.843050058021353
-7.049339178336357
-7.4701592442232245
-6.597450949705866
-6.468661723269042
-6.625371911299115
-6.434035933624282
-6.189710198027867
-5.973899595280694
-6.208519589575036
-6.834389074919066
-6.992727273407582
-7.776727626828102
-6.612104196200876
-6.308849496648605
-6.371144544521905
-6.178031335430885
-6.261829082759461
-6.222513281146693
-6.285312474849654
-6.903274190423997
-6.786619059475546
-6.274504498982623
-6.485179007198961
-7.239300415122143
-6.7520923741768275
-6.1731555760237535
-5.941937945694253
-5.930962635714825
-6.150790090681934
-6.168803241298897
-6.192474967158147
-6.01756481699345
-6.072088400344284
-5.76968553116435
-5.822946990434813
-6.19512444946284
-6.122942472173563
-6.03691196789803
-6.2944282375521805
-6.490100453143306
-6.8266624118629275
-6.373394395233578
-6.459722979708257
-6.063683073093827
-6.030622416054238
-6.406679113209342
-6.512907206396991
-6.1190666560625004
-5.795550208912141
-5.672685761892293
-5.727269209090188
-5.8796817106144825
-5.687817542440149
-5.480671549198098
-5.590510972267886
-6.038160785357798
-6.33625533831978
-5.819363147513063
-5.61107497320187
-5.726355553062645
-6.41087097045935
-6.405906221058623
-5.374409478037205
-4.931396492928672
-4.695314079933659
-4.546837705764134
-4.509270066275707
-4.556151915308747
-4.661434552562061
-4.863910128008886
-4.983001736823764
-4.763909355520335
-4.364478317315953
-3.9779248347827663
-3.6096277350573147
-3.28786779845567
-3.0566286966217673
-2.9330240690139044
-2.962774570532485
-3.1555040154332437
-3.535203156059445
-3.602503815982483
-3.335748146089401
-3.288500543876752
-3.638230047993499
-4.280922285676569
-3.9294921673699545
-3.7968976180388156
-4.386613594042987
-4.084232516041732
-3.704462586867501
-4.437639396342135
-4.271024555333421
-4.042599018761057
-4.483556919658827
-4.431017625797645
-4.45405653954565
-4.645498498554325
-4.6060822937384875
-4.780631862588059
-4.943138640227478
-4.96115285003483
-5.084981225749711
-5.1432421568643685
-5.227896915731188
-5.294773862653547
-5.310074650425405
-5.376876323685251
-5.38631165477515
-5.43718953626757
-5.461842630274825
-5.5390964239077585
-5.70948349212529
-5.6975888944969775
-5.632016681109418
-5.6463856297980275
-5.688155030825979
-5.723082633182893
-5.730433985726278
-5.788139869135714
-5.881868151275745
-5.974852429165967
-6.047659702377664
-6.044962263426724
-6.075685062547876
-6.106168641069908
-6.074427995365915
-6.0666398602310885
-6.060201952661555
-6.04361117207978
-6.100453028165525
-6.233633146433309
-6.20983694191973
-6.1339371956766655
-6.14444963458503
-6.249123088598122
-6.240026872650743
-6.260088496259366
-6.524764044546617
-6.702066886447589
-6.401242644636427
-6.2112424194407145
-6.145118677351061
-6.1795537651849886
-6.139754191212369
-6.214004144934954
-6.352795154184334
-6.4726235362474025
-6.494443548037004
-6.34912318382039
-6.42180501413087
-6.477645197569787
-6.53264172925606
-6.385459774819244
-6.434385185021867
-6.628782349603849
-6.748715180285289
-6.741783113170228
-6.65827500156528
-6.532178731248059
-6.597465967468944
-6.5298272858720035
-6.509781860892682
-6.6361766315199775
-6.779819715521474
-6.709664377024135
-6.836339306841357
-6.8110796797811455
-6.668492286138174
-6.762031906586459
-6.710252847930259
-6.786247923457999
-6.805087308734539
-6.729893289234536
-6.653873711465786
-6.875292132151431
-6.82580222417394
-6.881982206880493
-6.985546250358763
-7.077817188821801
-7.177328967058403
-7.072565911417192
-7.05706495450355
-6.906555308233173
-6.798270403750463
-6.69272557184912
-6.692905043551519
-6.632608227594098
-6.672722620160203
-6.642561107008805
-6.60547277993922
-6.610624350997856
-6.697548971000858
-6.762003861857207
-6.461658326236784
-6.578467792324409
-6.985790604578685
-6.810135267302416
-6.741862175240058
-6.804460637611922
-6.897884890922748
-7.017145772637516
-6.975964559025648
-6.927561221403343
-7.2624311936354475
-6.9204518068349135
-6.614533048078036
-6.560758795110772
-6.6090607825104275
-6.771290951916064
-6.813022895947974
-6.742168933680933
-6.716295407444348
-6.811099749704335
-7.005346264154954
-6.959789190568512
-7.451961024091511
-7.481725190553634
-7.650231959404748
-7.761547702173242
-11.596988958600056
-9.056644422716294
-7.533208552144062
-7.1951084009308675
-7.183481938339678
-6.9938519869539
-6.903450366079183
-7.04823434502443
-7.166654900513558
-6.905375540975054
-6.965857261457771
-6.943417825068266
-6.927654206495882
-6.922137929327729
-7.197967972882112
-7.783301045005749
-7.430881533271074
-7.343403032332587
-6.932913060581286
-6.709340444990389
-6.566941506567306
-6.894569965476523
-6.8399624923505975
-6.878665857162402
-7.036831518086614
-6.625314088006756
-6.458186484916296
-6.598837480984343
-6.9873137024313445
-6.677745413224482
-6.507521342157796
-6.590126716030392
-6.842391673803265
-6.707162752474753
-6.314825826155131
-6.390512762465908
-6.8572992798042565
-7.132131405756597
-6.825990459389142
-6.583875902883695
-6.700218436245065
-6.678990311520021
-6.841537922196992
-7.076292051611482
-6.9886102527155
-7.106445068445579
-6.872241628164117
-6.847916159486747
-7.537008424292987
-8.149233989106262
-8.102538750956937
-7.020654875941402
-6.768614321351624
-6.731959592825122
-7.0477594481931725
-7.251272223147137
-7.621203874358635
-6.968943074306505
-6.437040959618445
-6.433666300821946
-6.320715312472986
-6.405420565024415
-6.284996365686203
-6.558389141147623
-6.494250030702319
-6.8078430789604445
-6.59745473253851
-6.163275508379881
-6.065842741358966
-6.2834925520719445
-6.4328007647103576
-6.607195500719955
-7.941996815855813
-6.6913255026298195
-6.685153705015866
-6.43639254081743
-6.344979557218296
-6.742108637252753
-6.775817485523393
-7.522297845039889
-7.380486767657606
-6.540789797873898
-6.647003520369165
-6.716865223250654
-6.394766249372322
-7.154521892306052
-6.819956464075971
-6.287994295539868
-6.331481190213796
-6.896728379125469
-6.27257000888849
-5.844537255238148
-5.828100809961059
-6.159278541904423
-6.67540434372679
-6.771746807702574
-6.920748664728148
-6.955252081773411
-6.902104731843519
-7.0039550404337785
-7.622533659446695
-7.14815639692215
-7.195271867615873
-6.772521233745623
-6.833134925989036
-8.204666253636692
-7.729470604938831
-8.005390658988238
-7.436024428489809
-7.250749246960806
-7.00715358657265
-7.013054568019774
-7.069911794294673
-6.8227338512269435
-6.512595668181821
-6.536225105343356
-6.607871622502485
-6.732227054146349
-7.1521572314700075
-8.321343430596588
-6.9193474767034875
-6.841781173473817
-7.054292281042641
-7.402570815125557
-7.670738189203295
-7.391808151294066
-7.508522869314886
-6.987336664330162
-7.021272065643082
-6.5270733982476665
-6.577260973577117
-6.629275095854355
-7.3754182619348105
-7.794155730264454
-7.580399292107401
-7.423758547615847
-6.9372570030633955
-6.827014432338711
-6.912979034725321
-7.413788723574511
-7.371236441050302
-7.039895122343554
-6.978219320819743
-7.396018731255062
-8.51062752556684
-7.498959962811774
-7.2391045428422265
-6.949815376001043
-6.628403861848413
-6.472658737037436
-6.483538743781642
-6.856305032477151
-7.071066369751191
-6.909358513256028
-6.867114726256523
-7.211168099626417
-7.193185952333799
-7.029658109585981
-7.296915966793197
-7.023644877895844
-7.068021977152402
-7.082160756818993
-7.221068775672565
-7.218954040887069
-7.198294114145667
-7.181127820329864
-7.340740623129861
-7.375963537221695
-7.425371177144055
-6.840786867784085
-6.748096502900904
-6.890791680156125
-7.798338621735538
-7.955271393880493
-7.381813081431893
-7.844601422196613
-7.841881424705093
-7.344131360763297
-7.106742210715309
-7.364386813955847
-7.144054406260417
-6.7778730788755155
-6.754463941235864
-7.07508085339996
-7.663078747198483
-8.004967238132021
-7.311151307344707
-7.192688112184115
-7.457983602149693
-8.120280100874263
-7.517041558052552
-7.358138618100012
-7.55898842140945
-7.537685154284197
-7.200063193588435
-7.6316041282782665
-7.199886183241863
-7.373104449495288
-7.247773499408815
-7.147535082751413
-7.087720384575986
-7.119927273699517
-7.282918916360035
-7.373444800432127
-7.442765423657418
-8.053890695972658
-8.090076551564078
-7.244399831499048
-7.0591202638914465
-7.404153199691207
-8.455531733214025
-7.141612504221519
-6.855179365949468
-6.695529170394962
-6.735427515648931
-6.990706810962832
-7.017169153785912
-7.310568678345158
-8.321374817288525
-7.842313291855459
-7.368588932782773
-7.279482951332107
-7.2617255989918075
-7.477090466792136
-7.403163934613437
-7.092650887443248
-7.192759587831879
-7.5240499625601505
-8.233095128898539
-7.771583248751232
-7.205756589133685
-7.065377202960044
-7.399851034654059
-7.429119928332529
-6.954970210428612
-7.150659851053049
-7.237203093294094
-7.1592008295038365
-7.1550023475230216
-6.923937918795529
-6.916458438719983
-6.817051773267012
-6.837555274386848
-7.382120045672287
-8.279889833615616
-7.323161017208731
-7.346211361280563
-7.7132870182891065
-8.388041146893425
-7.375851494257239
-7.1257646462781805
-7.060268585940413
-7.344946761060374
-7.042255193928455
-7.009052402853631
-6.842185177317324
-6.746319966551716
-6.493792044112239
-6.552358680310413
-6.925031792823776
-6.8567075256285035
-6.880048093363088
-7.405812433786393
-7.814928496007809
-7.061036719054698
-6.927863595677668
-6.872782031250107
-6.750912693647785
-6.7215396242122765
-6.710771848962583
-6.646526888968211
-6.759778958547186
-6.76949140720101
-6.56671031288684
-6.483253039308813
-6.390240019632338
-6.333795308962058
-6.3221265427535345
-6.543300852665502
-7.096071582388579
-7.247777773025161
-6.540195686635821
-6.229259309534946
-6.211240988211491
-6.45919120352505
-7.4794314949694725
-6.9817445483613385
-6.404092882791275
-6.049632207789726
-5.761348870596061
-5.573248789217764
-5.5827995862232305
-5.700561212793273
-5.971951361184371
-5.866636516856429
-5.377340573661821
-4.9961397759105415
-4.732436212329834
-4.509148052231148
-4.2892665862825785
-4.101322869270307
-3.990667773837879
-4.060031355929192
-4.334416559368276
-4.956638309756364
-4.635875967953803
-4.267563703337801
-4.3275874916617925
-5.0357186203293844
-5.016140432041827
-4.882578784149218
-4.7921498680376775
-5.222039969071668
-4.501281462383615
-4.745381742782339
-5.725638766552268
-4.7380054229472375
-5.2190329439422936
-5.58044681212533
-5.190589590584362
-5.784490762457338
-5.525855973974135
-5.528335327594602
-6.717426978332772
-5.948383609845847
-6.087367419581411
-6.186064691134307
-6.053392141933746
-6.812907414907822
-6.57181619136189
-6.352776029346614
-6.215104368491864
-6.10154317629902
-6.241682565391775
-6.112251288447906
-6.307767208349533
-6.69062119937333
-6.8373743390186865
-7.178320418077538
-7.561046782914674
-7.400992402477501
-7.014825129813102
-7.061451789151512
-7.3365105263616535
-7.07631319656507
-6.880046441857903
-6.716164805905698
-7.017242434416058
-8.097464029350188
-7.256826557044549
-7.270267355626735
-6.809822075721887
-6.698330883088874
-6.746394499695119
-6.798867515439507
-7.419823950484823
-7.408296408237803
-7.156982648241609
-7.036924413179668
-7.11866453636213
-6.934354055308713
-6.748071185212569
-7.476776078920369
-7.315293686329758
-6.698442167086381
-6.603351247533415
-6.608901058525818
-6.8451585816742435
-6.7313263062111055
-6.902286725767759
-7.017986431851197
-7.035231300008289
-8.337341439223014
-7.659961845357915
-7.518083013333134
-7.252802544922039
-7.3841130675707225
-7.269063926906567
-7.199660812599973
-7.263084067642976
-7.271886431150613
-7.873938541379441
-9.852597004893186
-8.817938905682912
-7.472921672048441
-7.3177517613738505
-7.212007253503885
-7.353196769999871
-7.4541885987711245
-7.591501143369135
-8.033029109429702
-7.386174179092569
-7.790850305303351
-7.930192549038846
-7.142160595019495
-7.404417066720693
-7.621445003822987
-6.9948767922445985
-7.274852843199741
-7.66515156979121
-7.600330332686596
-7.738072134433616
-7.569346456670099
-7.276696194070452
-7.415049271020949
-7.42694752155185
-7.824279440077247
-7.968196065508098
-7.974063016145641
-7.975163415448125
-7.901488824854285
-8.270118019421062
-8.644330711403633
-8.452475493137765
-7.54601845173336
-7.326382227941865
-7.299629052993605
-7.014592501790388
-7.073889754552614
-7.8903857474210906
-8.360981411258274
-7.541376370441208
-7.555289572183615
-7.518675091107959
-7.787384449456365
-8.306815918597257
-8.582200555709095
-7.926068519889042
-7.719175783020301
-7.60118090367233
-7.511960987339365
-7.454228401367756
-7.430128761519084
-7.604536661435652
-7.502867466535698
-7.348136751081676
-7.418106811644772
-7.52339629652361
-7.854430557326248
-8.403630666218238
-8.965838590784465
-8.377035729033592
-8.113122248849757
-7.783432299877761
-7.556216887073669
-7.626797681651808
-7.21882711195415
-7.045317297391975
-7.0853919017850036
-7.2273912569669205
-7.300199826699596
-7.881060396533218
-9.293822802260904
-8.167627863723455
-8.065663173901791
-7.7072483073318345
-7.634882402171324
-7.654555374935528
-7.898209076841783
-8.208195067303937
-8.116120573651656
-7.856429984139881
-7.81702139081875
-7.5437477226286145
-7.5810896447464104
-7.432009198172163
-7.494857841716934
-7.502837978698215
-7.404106216192776
-7.343550160205121
-7.5847354457216
-7.510839552955713
-7.98334148624926
-7.131326237159214
-6.886942873963682
-7.084408026816152
-7.841981586862346
-7.794535653084901
-7.3690845269023875
-7.502766966313271
-7.912216854249084
-8.477000812804564
-7.838670179524455
-7.500859163620485
-7.648010503578672
-7.792437109038375
-8.376996761231693
-9.501312722012258
-8.408574690390882
-7.575322768308486
-7.793106365940954
-7.8837188566583185
-9.228235390707262
-8.547130688416049
-8.314471884977882
-7.675200312777262
-7.386979191679937
-7.686203232895996
-7.955245813897209
-7.529562021131219
-7.439169653339646
-7.409449343889915
-7.186201994110782
-7.269011880845825
-7.5590052353193435
-7.77127625088811
-8.229545884880245
-8.75432222886164
-8.225580163071804
-7.232436261755154
-6.719478769599489
-6.706425362603302
-6.973512472841956
-7.300592719461057
-7.324245045025556
-8.1388453866914
-7.406388940104465
-6.956605625773173
-6.834762703044646
-6.828528232929028
-7.1661330962789584
-8.129176451191173
-8.203413063627957
-9.02391626947053
-7.579562915101302
-7.233944793836796
-7.658573961493204
-8.851526020702117
-9.162112464809663
-7.332144970696174
-6.948320438195231
-7.065388651549206
-7.311131320204381
-7.379892043579674
-7.354318481060696
-7.434306478133121
-8.012527823093237
-7.640791372469191
-7.779405455740948
-7.486236872471138
-7.16353807215848
-7.344629727354102
-7.303785632953848
-7.178124378524476
-7.292346871096522
-7.105184190373983
-7.004079414164641
-7.650068683771933
-7.809566926250947
-7.214913315942743
-7.690485101042581
-7.735698440289851
-7.350915467991889
-7.2227563348671495
-7.279043768798674
-7.519049539150754
-7.900614325967674
-7.506888614105612
-7.1108000898613035
-6.816032229701255
-6.7670157807574585
-7.3602591915814495
-8.776134374968246
-7.255448060216988
-7.022958831005206
-7.01098535404313
-7.052303391822171
-7.960764015102025
-7.887902121417757
-7.749870196313964
-7.720459736340617
-7.4993551538787395
-8.240525239843357
-7.431355251679944
-7.181021081164329
-7.1850587460082265
-7.402631548453395
-6.98532794108293
-7.160501106910223
-8.43198075602717
-7.448054396606539
-7.375650174103299
-7.540566630752723
-7.036378704536685
-6.7330259961114605
-7.024586060389218
-7.244005268326036
-6.782582144118115
-6.816364156038851
-6.911733593174973
-7.26719839834613
-6.913644884940538
-6.7585219201095
-6.9541635225836815
-6.949492977839229
-7.064916916761056
-6.964083687292676
-7.067282261286673
-7.63388321042099
-7.5321436089015705
-8.057003668344002
-7.9239513473103935
-7.6334731984553805
-8.206770176036787
-9.827911703494348
-9.859688005491813
-8.407913903241091
-7.680951634309286
-7.571017880881576
-7.344611604187608
-7.291237714178528
-7.5054024777278014
-7.080496759009063
-6.882519526245194
-7.095146467139323
-7.570269460818891
-8.458305169852373
-8.1696811237004
-7.986981348382938
-7.6093207375627285
-7.327656518357262
-7.152035919901899
-7.4287061702219415
-7.465355370127792
-7.624761085468438
-7.542353894990662
-7.533626018277653
-7.8922170024569995
-8.85740572553043
-7.979195919600699
-7.729746919273097
-7.7293634307626204
-7.537568182660719
-7.425318796829827
-7.4085440478517715
-7.50351593788586
-7.895074023486723
-8.53006819547227
-8.111809996333124
-7.918860040090828
-8.016299979484746
-7.606292623057664
-7.712746214760491
-7.732722450796967
-8.656451006119452
-7.602147378391445
-7.44439251122633
-7.6755615119686205
-7.99651726410468
-7.767981876926633
-7.267069056543631
-7.03236551014553
-7.322732396216761
-7.449999697226872
-8.214643350647647
-7.76231303591562
-7.506950754528921
-7.41213246844983
-7.831710046011136
-8.449405976156282
-8.521616179689866
-8.057145519615293
-7.530806468368573
-7.599659870669914
-7.514526081193816
-7.768701622972606
-7.4542221754194555
-7.070902675091277
-6.940885913339879
-6.8760735154811705
-6.908991829265643
-7.248834155705168
-8.15246546006693
-8.081720541327861
-7.512735348026955
-7.743072221066919
-8.603647779137189
-8.012699371212552
-7.993533874309774
-10.239968622269108
-8.179264462745083
-8.610773674294963
-8.268119451124255
-8.026750640797527
-7.856276171019695
-7.481841769625747
-7.618972654442677
-7.991683032029971
-8.221170512979086
-8.718388817620234
-8.782123581959674
-8.405508721452673
-7.779553451443403
-7.948588309628457
-8.326272937348813
-8.308718386437036
-7.875524849306551
-7.639608788342183
-7.898959113399409
-7.842419815223549
-7.424736087989434
-7.45139740529321
-7.777064541902477
-7.682255132561166
-7.396203177544196
-7.850101429957021
-8.120884673426739
-8.307764860808584
-8.636611993789808
-8.59776096802717
-7.9973602355231534
-8.015714254617462
-8.093300374201696
-7.935901095762828
-7.99413257402405
-8.235346206406437
-8.388050189883687
-8.289460733610518
-8.126927280178414
-8.016702228380622
-8.132189377237994
-8.133143972447725
-7.867485651682062
-7.622374820043924
-7.495846465040769
-7.593507244326761
-7.740339780619332
-7.946799446424241
-8.045978508454018
-8.83256627378744
-7.945663848650467
-7.431299495381584
-7.244077388414607
-7.257788289371895
-7.5282860701425625
-7.452610665089727
-7.315680241432661
-7.307596665003209
-7.618300817398394
-8.903993131115344
-7.760619326529244
-6.916537127666921
-6.361546759857228
-5.879302393845602
-5.518036029564671
-5.283947446911126
-5.217925399667462
-5.301941835763298
-5.679729813125858
-6.187844942433715
-5.578794636311365
-5.251957196268277
-5.384792988586107
-8.14309514905038
-5.8576461223289
-5.718435946571719
-5.643311102715398
-6.448085175517476
-5.5646503531871145
-6.440858576232947
-6.199713797128951
-5.802412910144477
-6.950796447928456
-6.283606609937201
-6.379274616300301
-6.795534823466599
-6.304379288068615
-6.6721237725538085
-7.076199105618718
-6.67194950916575
-6.96786880920756
-6.8561208525396236
-6.825640357267847
-7.15048490051577
-7.048987584687648
-7.1888199578177945
-7.345764561924095
-7.256307353104119
-7.046494563666283
-7.077322792130276
-6.90612782649935
-6.861088996168522
-7.047414747834204
-7.224123738670268
-7.395274257660345
-7.51498903637395
-7.56346747289131
-8.120282425798747
-7.7490195062463885
-7.763951674003926
-7.112233453784008
-6.9680229900864346
-7.216756017973809
-7.35360195243047
-7.4027416523341865
-7.4898187160220395
-7.317862264525283
-7.590078995714793
-8.036031686064781
-7.229005779247237
-7.148976433174742
-7.052265658561878
-7.520368244531942
-8.155420180651591
-8.59235526382434
-8.269989287209595
-8.424422764185678
-7.893512878323074
-7.2518604883531
-7.0620947692546014
-7.0423456366875294
-7.005218248713867
-7.170158479234276
-7.302417034416997
-7.830071856678321
-10.619318066388878
-8.6658473362673
-8.191686392725735
-7.8497053139632715
-7.374129408356198
-7.238191208360768
-7.516973922189584
-8.677374282190646
-8.250011397314527
-7.9557426033072725
-9.081468859968789
-8.511604349798846
-8.443956697377494
-7.7114153117358
-7.7053137711839845
-7.433025176321653
-7.3140157666969525
-7.41332220955224
-7.6176034862301485
-7.3263501259171635
-7.022272438988447
-7.243203269093659
-7.299798249470943
-6.997177486963816
-6.840581167475282
-7.1069437432608185
-7.391663355316466
-7.3267602246642936
-7.333048693450824
-7.642935145227471
-8.442380903447773
-7.642077227588546
-7.235297935461135
-7.293318321566393
-7.169548757850719
-6.798554484301611
-6.658347337735537
-6.739016099009276
-6.919790520698592
-7.114008930488773
-7.07708401951124
-6.821775722836966
-6.679802534490317
-6.994775652556977
-7.27497478068755
-7.346048975462433
-7.809729148798378
-9.22694189051225
-9.162500494444107
-9.024178635555497
-8.076261290995545
-7.290605468642637
-7.099122012650415
-7.21758084435578
-7.178341633124366
-7.0852518921184124
-7.471337273615091
-7.4330359180578025
-7.042894283195502
-7.031281678434655
-7.271470158197856
-7.347459617595445
-7.452050654812635
-7.7562084300027125
-7.455438753413136
-7.22663706689097
-7.140957041596782
-7.118493842192441
-7.2477951217410626
-7.496968367814998
-7.549759251334918
-7.551278561792436
-7.490699040395461
-7.681770245666923
-7.805737597051
-8.163022293326023
-7.783842095164405
-7.242019723964681
-7.216011651659374
-6.993827125916469
-6.983597737231426
-6.765573060608078
-6.828190124286493
-6.892453957424032
-7.100359944873264
-7.3035748084322805
-7.575024637764165
-7.093461299905635
-7.062613871564741
-7.024471227597526
-6.960935410911635
-6.943781901891114
-7.3662108558409995
-7.219399675432899
-7.612262689592586
-7.454426339360002
-7.430948622076298
-6.958626320027076
-6.82104416613509
-6.844295086957905
-7.028495978696334
-6.834829973632709
-6.980342562515088
-8.44190299482598
-7.18254511155615
-6.931789387217277
-6.900909072030816
-6.907808995120198
-7.422183295619863
-7.552014069735072
-7.222638608745561
-7.057396974094425
-7.095148185828898
-7.314036927897693
-7.320344449135906
-7.511545801972655
-7.672476140447999
-7.346945807986795
-7.376303152811861
-7.4778322412981115
-7.823715589513708
-7.982199974141723
-7.709308521348116
-7.909592056721588
-8.294135611413884
-8.473174990531025
-7.52436438411588
-7.392580766665569
-7.323200498140728
-6.941429364781013
-6.882523003377481
-7.0654809838004
-7.619292232236948
-7.519674201247842
-7.3412150814510655
-6.977610002426447
-6.933619941787246
-6.852210743255734
-6.7275247029584975
-7.078248047866351
-7.747598424180822
-7.303531205320426
-6.903600894173056
-6.67695252275005
-6.593220755237481
-6.947830710785985
-7.946880803035347
-7.288239427746483
-6.860077505850926
-6.83607309300081
-6.750116286614454
-6.736564630385088
-6.658039836662872
-6.815103717656889
-7.1237636240660915
-7.063606056399688
-6.572925410112288
-6.578242328884104
-6.922449256533784
-7.506697967917212
-8.250224534730823
-8.363183757398177
-7.970446424150343
-7.053683161961002
-6.905813591186076
-7.047716778355803
-7.108108335425049
-8.284073266430138
-7.098438681525447
-6.598841504957472
-6.859045095012824
-7.111812070016233
-6.833839250546534
-7.2404741049963235
-8.019143148154999
-7.051416196128089
-7.362090250743773
-7.549473689582838
-6.814098946829339
-6.52348347518148
-6.53661513858147
-6.5135956863646
-6.510935501667214
-6.333061865446072
-6.232128407815069
-6.285574221082736
-6.617060126863228
-7.278276448517011
-7.87786564720054
-7.164745365792138
-7.228597765169332
-7.187714332517321
-6.91875117511405
-7.170533802837311
-6.890639095003714
-6.541989999551312
-6.805728826319803
-7.340109944561666
-7.2784341652598
-7.130303216385877
-6.714789376556285
-7.4876912423176165
-8.084314316380055
-7.159357683799339
-7.033673775584729
-6.6335851816065965
-6.546361003059427
-6.756378029335102
-6.517428984565402
-6.650250678965856
-8.417587496390313
-7.083026595759741
-6.769622159391062
-6.889154649136132
-6.9986060795405916
-6.895434361319804
-7.69055100657333
-7.824363624919749
-7.072835835694767
-6.722213457589789
-6.599921686556107
-6.562661496871535
-6.552262594600693
-6.521814534655938
-6.926093121739874
-6.856790375585262
-6.783145374980062
-6.902948777095302
-6.617367975757993
-6.88180916601871
-6.846524395061381
-6.575054649545701
-6.598688649251673
-6.39835284012529
-6.322151768141288
-6.387398897496628
-6.819466517751973
-7.029077264087433
-7.315508111407811
-7.195661987175903
-7.037263155946185
-7.723424894082028
-7.8090511124342035
-6.960556849258187
-6.724484601477874
-6.564390130649226
-6.630176451950861
-6.98124444614066
-6.991688151450233
-7.349734296528073
-7.758562697735217
-6.8661664564692995
-6.483644511378555
-6.566502985453523
-6.85807555716081
-7.55081431785689
-7.18714800383044
-6.910902285651425
-7.093410406740657
-7.750045879759306
-8.444872044685594
-7.118228915871195
-6.79030206116472
-6.912977359454007
-7.122852316077906
-6.840922500939345
-6.597946272177727
-6.69616070144638
-6.894360392538946
-6.852459322592295
-7.281532380703556
-7.232175349769475
-7.45247264796101
-7.049392212670292
-7.248752758840873
-7.639985867158903
-7.656057933732424
-7.974098623500166
-7.4772534499203696
-7.068877873777512
-6.897879597470663
-6.989414834055399
-6.916139540122407
-6.6283199198367235
-6.538349667070739
-6.584803047658142
-6.699461795662961
-6.661651234143464
-6.764026143088306
-6.803057035383154
-7.058781595330641
-7.4985803158978275
-7.822562963553286
-7.706984031327411
-7.458382965536797
-7.8829852806136405
-7.4981482960519985
-7.147063204298502
-6.92162461168216
-6.709904434762652
-6.705940479627526
-6.760303294462939
-6.645364209071682
-6.523068241733137
-6.583697236205346
-6.7267632725970685
-6.641070501977191
-6.5066425854351415
-6.666211359933799
-6.819812856199005
-6.532606071424144
-6.630934424929566
-6.5223381100337985
-6.468165960225748
-6.68943115614414
-6.725201589039524
-6.764631875000404
-6.490909208735293
-6.5296243122104665
-6.88945887371234
-6.802395776578363
-6.648191309187725
-6.632392372547023
-6.56888767024377
-6.722892869536052
-6.730882259535919
-6.495280002266178
-6.377643783697478
-6.208673271490271
-6.214285287585177
-6.227593488532434
-6.4728049684264315
-6.5897263933241375
-6.382708592084366
-6.44903709078353
-6.548649238353292
-6.29799856608764
-6.099331525906456
-6.126737250054749
-6.158807869857975
-6.14757704747955
-6.172170960012352
-6.0455295524184525
-5.952289682738177
-5.853330191424404
-5.862477720712068
-5.914578306373244
-5.980138678459164
-5.8989542745042725
-5.945067134817334
-6.239070918046983
-7.099717288768824
-6.546111514917643
-5.9847017741603015
-5.782130887470363
-5.885265098863558
-6.259733618687428
-6.1830205906177405
-5.731061597288485
-5.328646684178371
-5.123587228287397
-5.023699531709868
-5.020513548562621
-5.137836460345658
-5.398989784468793
-5.826922669982079
-5.889755842354392
-5.39577926596511
-5.066381126646035
-4.738159705447789
-4.301434097327344
-3.8859573648531547
-3.595442125378941
-3.440038130479372
-3.4093548659820385
-3.5017899406742115
-3.6240506365671035
-3.638843493938202
-3.5580556391664517
-3.5680074039834704
-3.737029129013994
-4.079316986870631
-4.13565014721309
-4.098262130395596
-4.255961257948034
-4.608764625898711
-4.115704359153187
-4.064677016340129
-4.429853476909572
-4.19224685273806
-4.265790370976847
-4.527932652931381
-4.430257654360299
-4.572645609849263
-4.722089673329459
-4.716545744691974
-4.917201278241992
-4.980535496894817
-5.020730535696957
-5.1417360752873655
-5.1510840623519
-5.272705568900846
-5.372130021247008
-5.317695056717868
-5.353540448263798
-5.381003713157778
-5.478384889898001
-5.512808995515512
-5.646035461602855
-5.786214103124667
-5.758004586555911
-5.7890055937451255
-5.805243655151135
-5.771896407079044
-5.774146614127628
-5.782119570614918
-6.003423766722798
-5.996403332752425
-6.009008081673598
-5.941478546044978
-5.908619174454689
-6.049518480186548
-6.062389168442009
-6.040624720199813
-5.889474841118681
-5.840114537852874
-5.927053968389142
-6.086960866127953
-6.1626138611879355
-6.0392391768509714
-5.9861476841956645
-6.161735549822753
-6.281201683915967
-6.276893483939938
-6.382929259512743
-6.835362849888304
-6.952145350908822
-6.168930012674098
-6.087307464230075
-6.099646807557562
-6.100728227346406
-6.108946446839161
-6.231928351714646
-6.542206137944149
-6.813382395162963
-6.790003669559981
-6.780300656119982
-6.830573242606938
-6.570571134597206
-6.452005957360393
-6.477060105060083
-6.883934182974785
-7.2588822444646635
-7.083098417488964
-7.575105224148402
-7.520706399942841
-7.3108505877029355
-7.389982142970185
-7.360792386255882
-7.308870393754619
-7.3335904101325315
-7.216118068125572
-6.940797526620048
-6.83566759673588
-6.612877900224412
-6.672984854682294
-6.451310588496732
-6.247896634607772
-6.431468475335547
-6.611704444142407
-6.463121600067446
-6.66163155753179
-6.603684341898815
-6.682891212146239
-7.134094188825154
-7.5568780804273255
-7.105701315637329
-6.826976857846943
-6.8714877550371964
-6.603078671010945
-6.217467615191994
-6.135700990111628
-6.183765620159054
-6.2634984361221155
-6.324674268516921
-6.355411135549922
-6.331038271924729
-6.626610558212599
-6.539617322854731
-6.5708708391515485
-6.536620414524182
-6.560743074928876
-6.9707536352412935
-6.915086979256956
-6.921477356907047
-8.473800786530505
-7.353099908385777
-7.177043216094666
-6.988271480023154
-6.716898719114051
-6.635161710155603
-6.542458604167193
-6.465750156160525
-6.517492750506317
-6.6700605061198726
-6.675955995879083
-7.110500052202061
-7.241528127851663
-7.139902267801329
-7.075841691965482
-7.219477436490199
-7.652828478251297
-7.548896365628743
-6.941850397728815
-6.799045060293038
-7.020278266198198
-7.1357895649443135
-7.097176201938361
-7.317388595535022
-8.035189926452492
-7.758450147901967
-7.457913778875365
-7.18533733882655
-6.892412483730489
-6.968400134576938
-7.409330852797899
-7.378702600866533
-7.208553657825063
-7.075687953329835
-7.020312559866986
-7.149214578263375
-7.617396405816577
-7.534358918088166
-7.069972304417137
-7.1681732621264675
-6.962476993018098
-6.920565451737784
-7.021997862650217
-7.556522395347813
-7.272217991887788
-7.063005145136421
-7.0687008820925605
-7.015463649909548
-7.061589701039016
-7.171568321155566
-7.1058081405541476
-6.962803292262779
-7.052989803064598
-7.160694087875951
-7.14151380991714
-7.08148370732215
-6.932042189095016
-7.090365354423769
-6.956036998723284
-6.725056592468799
-6.798104887907285
-6.9711444222621335
-7.162740680687475
-7.141671183335748
-7.089082819940991
-7.094801339624421
-7.0178978950547855
-6.855023748293833
-6.943697998792446
-7.029458701079983
-7.332044425987632
-7.156752883816468
-7.057359277095531
-6.905831970205698
-6.930007471165364
-7.0787070906758665
-7.6029847059526805
-7.42482273631319
-7.047614201892249
-6.789038303222364
-6.7426848265016535
-6.800112053434722
-6.783781687741224
-7.049101670192866
-7.174877837593899
-7.049903135050715
-7.048016809105644
-7.042761174005565
-6.997215154211117
-6.881287615783715
-7.031723086622629
-7.222742703755211
-7.371006031231466
-7.4663936104223945
-7.532009949036892
-7.910354476407659
-7.832942094288604
-7.601924161956768
-7.463044697986072
-7.218844249487759
-7.223277108912078
-7.351349462526839
-7.337027920659707
-7.349493053150413
-7.983621100529834
-7.427323637029662
-7.285145127190526
-7.750241680922383
-7.628386978976569
-7.291687324381762
-7.3224874450203306
-7.1107901486398815
-7.018990016572646
-7.197705685497486
-7.3070945970291925
-7.49443478440473
-7.542356243617634
-7.402122563908904
-7.152482762802225
-7.077241280281636
-7.3217502587119
-7.516451936734864
-7.644902096262784
-7.53264704861011
-7.429684795187933
-7.486661224962596
-7.568633262524116
-7.859897013005226
-8.2583533988266
-8.798587511304877
-8.252180756214624
-8.060007100384528
-7.560014863258542
-7.47712705948103
-7.656276904429694
-7.516636025242151
-7.742076539954173
-7.409309206849023
-7.389768572405855
-7.458290919217236
-7.355236998604314
-7.337942621683689
-7.3101071480352635
-7.155378583864856
-7.029902259443358
-7.106320858655065
-7.310181649244609
-7.501765170088656
-7.57000203151544
-7.630520185227285
-7.781934340356332
-7.636492081392967
-7.4063689581411225
-7.4228710948943375
-7.187378749364919
-7.009339725538683
-6.917414193900945
-7.127144431716979
-7.68852526154713
-9.50406926747887
-7.7724463844870355
-7.425830298433587
-7.261554776080766
-7.115639145551078
-6.920370762989372
-6.900981302502979
-7.00461639111267
-7.049266125477124
-7.008093078247519
-6.8856126534899715
-6.862373082016716
-7.1498907544326835
-7.788904643149978
-7.922991984638011
-7.814455257330433
-7.82069503418114
-7.827812009382719
-8.019328379497454
-8.346002733897935
-8.034699492770041
-7.879476451989194
-7.497328884221541
-7.1233639936051905
-7.157598194962159
-7.24802619910156
-7.269637584606953
-7.439960229895278
-7.680614090025642
-7.386222308241128
-7.341557792940225
-7.313165975457431
-7.199759842306848
-7.533263884104638
-7.8575007766355585
-7.601943070072228
-7.715977538495861
-9.863720186457856
-7.6597429656993805
-7.651027847865979
-8.696454735396191
-7.905301682064574
-7.238305207374302
-7.292146773899442
-7.395357412053523
-7.623643499124648
-7.987517676296457
-7.558000664387361
-7.530043462962196
-7.589633733031481
-7.786882597974313
-7.700540099935326
-7.239258814988461
-7.056450683794358
-7.133984877764913
-7.301814573883169
-7.3575410973866004
-7.247802828494168
-7.298170443129646
-7.189022916198409
-7.315351628259423
-7.497882182508513
-7.990598561279229
-7.962714266444062
-7.446425750193177
-7.269155941166879
-7.404794028157008
-7.958428103772411
-8.949867846235735
-7.976168968440397
-7.426757065821542
-7.27653702176132
-7.506347434162636
-8.204858689336064
-8.176168197531117
-7.645767536611486
-7.46269461570841
-7.289452220535657
-7.12123654675527
-7.061945493535171
-6.946029129828996
-6.8776308816351515
-7.0164533788220735
-7.236633314926114
-7.344153960129099
-7.4935133894055355
-7.879306727875523
-8.373237142528703
-8.01048326167422
-8.04489097018793
-8.5942068151603
-8.909021062210977
-8.339242486654687
-7.9024279671027955
-7.60409046308595
-7.883114636980198
-8.25336068844916
-8.176039395309012
-8.423841893822768
-8.392843181768612
-8.154618953688907
-8.246806698959446
-7.704424957632479
-7.247159348222434
-7.230462508323287
-7.337320058027806
-7.713461294219925
-7.76428206457384
-7.269353771732556
-7.601887293063978
-7.828180379915209
-7.5622004948048325
-7.414730069093624
-7.405394430480605
-7.255806063729166
-7.317099751735665
-7.686047236603396
-8.173298433851482
-8.147016566291928
-8.04906453851312
-8.257406176913216
-8.03355502099784
-8.009175243485107
-8.232821395766466
-7.814282170948243
-7.426310489940482
-7.251939546696977
-7.3528986890662775
-7.895720737560037
-10.47756259475407
-8.569141767103163
-8.194511654522987
-8.34554727891291
-8.79607178351826
-7.836469688848462
-7.574153953782001
-7.588214537764855
-7.828549607555927
-7.208791488589419
-6.912053447285456
-6.947046283977802
-7.000276551687603
-7.196264450167179
-7.722718787943309
-8.689234963063235
-9.086283434423974
-7.746894124704916
-7.030514104310297
-6.788126283307413
-6.47674124029843
-6.228867460007656
-6.065951247951033
-5.944443583179062
-5.891355263588427
-5.872403509877457
-5.951197977980009
-6.1754131204160005
-6.999900844381482
-6.352795313296329
-5.401302857022374
-4.909781168078642
-4.625098766554189
-4.490119983439975
-4.494282239957729
-4.652870777759012
-5.057130141567477
-5.554516705209119
-5.188185802771501
-4.947183473435571
-5.032538789930878
-5.5344230217320725
-6.657920174801157
-5.546798389176673
-5.738759987229198
-6.524701927649622
-6.9530983315191275
-6.065373153991565
-7.439208548925675
-6.1250002271810295
-6.068863210859107
-7.420611778254619
-6.100069819535251
-6.082567817605312
-6.346024290147372
-6.3528583504474785
-6.384240484507168
-6.554292202727298
-6.489694370501735
-6.440616662770003
-6.59864148723922
-6.811680528331424
-7.04549981231471
-7.080210698607311
-7.219013858544002
-6.961668798130618
-6.912700243813203
-6.84922694417112
-6.792156430420937
-6.7054867389890385
-6.692993770529713
-6.724381486907422
-6.829806607131365
-6.800106593314227
-6.686028274870145
-6.671291495180301
-6.8238391693637235
-6.931838822007853
-6.896710758998728
-6.8857533150002945
-7.044488159074324
-7.617521755450359
-8.267986272253555
-7.538692827528982
-7.325329017112099
-7.171672971615803
-6.952871280331263
-6.705553639548243
-6.67179968518241
-6.826107591867137
-7.080480871924535
-7.1318814266434885
-7.1503981848266385
-7.159571161079374
-7.0528306369654175
-7.153447035892276
-7.360873185589189
-8.046139284811883
-7.2162547330272195
-7.173105163291896
-7.38542249183733
-7.7736133487261325
-7.50348565824285
-7.6538942214364205
-8.006527116881008
-8.226054116292229
-7.618279051200503
-7.118375099437804
-7.270458993989752
-7.16164601682603
-7.26482188430514
-7.34130707409455
-7.3717770947734635
-7.289922835789086
-7.276393904188511
-7.151081849885074
-7.500465321189944
-7.722775863406063
-7.617827073234408
-7.613291512975973
-7.547635504084534
-7.958681182100759
-7.594665208162669
-7.799525376412126
-7.35614051477418
-7.058271298428391
-6.8230609895540395
-6.601618109481843
-6.556700185946169
-6.872738797984213
-6.85083805918995
-6.472202436283981
-6.416871368909024
-6.4277766463926325
-6.560657054997708
-6.8342378665569585
-6.883950294559481
-6.945237174627647
-7.091984673865864
-7.072552815726118
-7.159088355840984
-7.568220566212156
-8.017737946913206
-8.047900031009334
-7.460093669781351
-7.128958024148854
-7.134260926044476
-7.6103992181374
-7.976288555191429
-7.35252370048759
-7.296430265204635
-7.232503002142951
-7.08823750074614
-7.17774143982114
-7.229956161516777
-7.041174374667026
-6.999949140288078
-6.906186049128593
-7.090617615335393
-7.352624777662664
-7.118417769414822
-7.119189909931555
-7.146382613976172
-6.918735455577428
-7.104479200947365
-7.134885364525125
-7.447084640851556
-7.486087571725314
-7.5683981647803185
-8.426584250555068
-7.993516461889896
-7.329482859000315
-7.860400743298479
-8.744556607230425
-7.853645617562266
-7.415562396471614
-7.094264991297545
-7.0409330505812795
-6.904764050232087
-6.912475923260268
-6.962956287695897
-7.2252307645198
-7.330787924991279
-7.13903296296498
-6.907245895445729
-6.799043064597123
-6.70345705427325
-6.825225301006284
-6.976133272055417
-7.313275610734758
-7.704459902874895
-7.322998129020143
-6.998993443918282
-7.164101477214375
-7.633590450173663
-8.291338599219658
-8.693061128182501
-8.08399061258249
-7.267564396177454
-7.082134480914065
-7.303192837879175
-7.321006012060204
-7.269870887542884
-7.187198823319984
-7.028626215952695
-7.080568935540877
-7.510630171357193
-7.685485753132697
-7.289741181877258
-7.008035544927224
-6.963189555887711
-7.0175624905762435
-7.216165323723738
-7.354176952482826
-7.101225326841057
-7.14655537014246
-7.387407083354123
-7.346131211561231
-7.1064578282987165
-7.020746090286527
-6.991200635748684
-6.905819240801545
-7.019210002590087
-7.101596433619695
-7.225439621719727
-7.711240859867486
-7.8651224137363105
-7.963039638686944
-8.416414030946266
-8.38533199103667
-7.84561917698548
-7.994346531519368
-9.110931795879447
-7.866327786456189
-7.320987122426805
-7.2826631574096465
-7.359736799394095
-7.229351864035774
-7.229613002621203
-7.268513364012508
-6.99187278034109
-7.054743034076596
-7.588730315622523
-7.853591752407927
-7.172645616838954
-6.79747189269195
-6.839972813810478
-7.139718774551441
-7.813493530761844
-8.163737903969514
-7.667455728207351
-7.445680169448754
-7.574026727311206
-7.42041815409203
-7.229485226298829
-6.97140266666669
-6.98592732843532
-6.926840326037321
-6.788990126040386
-6.76641663386264
-7.0409982935099045
-7.033914692205858
-6.907512529527182
-7.086103870493599
-7.07873096865875
-6.818906089749588
-6.671888531099255
-6.781154318689498
-6.6390256981747475
-6.46810796768252
-6.697794381158697
-7.2459946054347295
-7.691200174194451
-7.918839349429665
-7.808082325608929
-7.7020669511041095
-7.752412655560784
-7.861960440110351
-8.47844818016566
-7.6980280233987655
-7.345936947974876
-7.4574336843757765
-7.8440665761044945
-7.289723561209269
-7.249113871686812
-8.021372168840404
-7.799094481791599
-7.257371640506148
-7.340754519266253
-7.4332860160288
-7.140263151339941
-7.137767124140326
-7.46373158223659
-7.1660733639581675
-6.8929252861530985
-7.12386247181746
-8.218856742188304
-7.451121583848434
-6.928437623820754
-6.790373799022581
-6.852943816198929
-7.1562215810539325
-7.172949501291377
-6.854887192686716
-6.861231832458666
-7.043921300305663
-6.96197919183423
-6.606459407031654
-6.538029540718069
-6.6033051152801
-6.715611381711503
-6.934071127687978
-7.309131343947107
-7.265102420340856
-7.315607756439841
-7.5001709177545735
-7.754129125487304
-8.223303579084979
-7.787269969488023
-7.324404011362411
-7.651486447155847
-8.515662828388622
-7.537275724396563
-7.101066768410289
-7.22543067046332
-7.193782425065577
-7.125845927014453
-7.257657694674515
-7.307638873999971
-7.204016967937678
-7.360545149988809
-7.39636669802019
-7.256700135837959
-7.315840083754763
-7.650735200006939
-7.3924398863463585
-7.171207578138188
-7.39163159936774
-8.318166832534741
-8.079533525912739
-7.993048317355945
-7.746482592944967
-7.571432550592981
-7.408594785003972
-7.179802118266079
-6.975366443008122
-6.8338589589657195
-6.857464336514178
-6.821551585471259
-6.8975115432947876
-7.252878090375486
-7.94326354993004
-7.538879130204061
-7.30217478471389
-7.3269511395495375
-7.634586418326622
-7.8242390675530995
-9.572722335387581
-7.531116017289242
-7.294316497952679
-7.098547228549432
-7.141023359878912
-7.158652561304088
-7.093063297002831
-7.010110792258629
-6.975845974257155
-7.015072788335354
-7.283346750086111
-7.345633480073676
-7.159062697009247
-7.128812882221326
-7.2328427943034175
-7.94018344105733
-7.87433945928437
-7.469268709257237
-7.31524130607957
-7.4599049435595015
-7.5850585497713645
-7.343424969763701
-7.143662282507173
-7.30831519778121
-7.638199447480256
-7.674914504754099
-7.6723827842732994
-7.251376118666025
-7.195468120871921
-7.265831379640857
-7.186170329474383
-7.36408151460872
-7.723590624909341
-7.327604165647436
-7.254414315851028
-7.273343971512701
-7.231471331971284
-7.281207245080917
-7.072209717655396
-7.034956111521984
-7.059754363077969
-7.043061923909925
-7.242428805314091
-8.229138494062152
-8.00578614870156
-7.770023857091762
-7.300292062168496
-7.092038316030526
-7.366810594180833
-7.695545945279391
-8.454275281018184
-7.795097633245318
-7.628739942584345
-7.624039636768907
-7.6344552162308865
-7.924864678642769
-7.621532507226083
-7.122353391504725
-7.223746394042163
-7.819157974788183
-7.577682011323843
-7.473968381821174
-7.05307445235358
-6.838902956767851
-6.847259110841506
-6.688566525106921
-6.6795858115436575
-6.772840110177176
-6.892801830107369
-7.129913606727556
-7.077788455733989
-7.083906850069317
-6.9939271831454235
-6.867627398763738
-7.014469173148593
-6.940463513221286
-6.890487285022519
-6.77690629295696
-6.825286132355307
-6.844343565443857
-6.762671098550721
-6.780927063298219
-6.698985988501268
-6.5730273844970695
-6.609315686324731
-6.668764834612935
-6.746495930465716
-6.824172012592545
-6.782722510160526
-6.751668962270086
-6.7532519146353645
-6.868441194794836
-6.8702029790973835
-6.77910609563496
-6.744514868196899
-6.76234495263217
-6.591773537483633
-6.559369522973445
-6.75245250852868
-7.260588277816177
-7.290610840810998
-6.624644667343312
-6.426888573522193
-6.537600179228116
-6.758861936587049
-6.7312143539449325
-6.484421792732233
-6.338202296541991
-6.161570688944614
-6.0034763892125245
-5.973029030865718
-6.119504471718854
-6.478439096506649
-6.739788198048377
-6.201594191153789
-5.775048116118518
-5.531069661429455
-5.353059053264859
-5.1101727723547405
-4.823645760303807
-4.631925042102607
-4.580746313053037
-4.661392786552278
-4.811369764929055
-4.775057664727961
-4.633875627776346
-4.60985519727647
-4.784705453972531
-5.084640312120791
-5.166852967901082
-5.165903830574763
-5.668268984776301
-5.546545510654886
-5.263699423570214
-5.158493189810815
-5.4997936018262426
-5.243870065138416
-5.271140307078455
-5.5583211452828225
-5.489919939101204
-5.590006099918742
-5.80236910578334
-5.837563177847201
-5.9903316416453425
-6.153812384063085
-6.205399150882897
-6.3568080354477825
-6.402598795234191
-6.390412301229196
-6.441778089333374
-6.429276141928795
-6.397237839748381
-6.524009729259398
-6.644668007666013
-6.74673338435269
-6.71424741221905
-6.895379994456333
-7.316561683777817
-7.6518999291408365
-7.444481013019253
-7.320104042390233
-7.379065479768473
-7.351628984567942
-7.207611706738029
-7.43552908173869
-7.234779976329331
-7.189741995612885
-7.123942796392695
-7.238356586930662
-7.496438384748229
-7.241107963714165
-7.14805590683898
-6.966882393080423
-7.015248132549497
-7.212244389377449
-7.512625476915596
-7.656846112342803
-7.312891526978386
-7.296375645210403
-7.615910249434514
-7.973749177169346
-7.8727229305229605
-7.884584514320679
-8.0148063276864
-7.859254758994441
-7.66396120783494
-7.992743274012363
-7.9104393001737385
-7.714326449577802
-8.098563285215247
-7.9913134078477
-7.994114385109895
-8.675488529099663
-8.802271238496775
-8.833633470645673
-10.20253771642452
-8.369913762329164
-8.307852249866691
-8.064694330550854
-7.673786332248564
-7.85090009508858
-8.623185011466688
-9.713318481516762
-9.084328035059672
-8.908449469355649
-8.423200554458324
-8.206917886279099
-8.363103775602204
-8.37954764020851
-8.32180095024512
-8.016167284578854
-8.029313241978981
-9.296500179576208
-8.231401107589901
-7.8777127257442014
-8.095200940982176
-8.164307407143035
-8.146988687663793
-7.611509910985006
-7.305832818486805
-7.203814665365403
-7.535880481949864
-7.760291594027324
-7.6808830937978065
-7.698035608076708
-7.716809452765093
-7.712792307342873
-7.470353159788161
-7.456743627934591
-7.7270409973116765
-8.403209446685128
-9.439906085753297
-8.60863229130274
-8.084474524118665
-8.739721123239239
-9.270631565596151
-8.443708070987588
-7.892588867319861
-7.577418349207772
-7.619266497499365
-7.811366028766951
-7.878755262886966
-7.766622788624953
-7.890854525873901
-8.616635214427845
-8.72964685425153
-8.390326335481596
-8.62390754372222
-8.378427847686488
-7.890998458387161
-8.12190419272091
-8.509345017382072
-7.972498098015358
-7.731566967108941
-7.739442025263267
-7.9185416375412885
-8.271404223420536
-8.976227866228312
-8.734424605560651
-7.780106766010808
-7.4456782336172775
-7.658255437954607
-7.738389763457748
-7.716718122410067
-7.7472743542057785
-7.506961588795787
-7.524925633961628
-7.746492747159612
-8.124754490222207
-7.452642485747066
-7.136065059619799
-7.012887592438766
-6.879980315056066
-6.810117490784392
-7.061924567877171
-7.327514376725467
-7.494754676264242
-8.381913499209066
-8.243350912625392
-7.704286045869208
-7.7109562687423985
-7.866713322276112
-7.863841430689453
-7.743127576623627
-7.59333618711038
-7.377341178891387
-7.439758871859425
-7.710033889695856
-7.834210521965783
-7.298812722930395
-7.153143387392124
-7.0038524241513995
-6.855190094974165
-7.108233956791876
-7.4646477852000395
-8.240498324269618
-7.601552343720385
-7.44271404875546
-7.456504899702904
-7.920341258964324
-8.19680023435454
-7.589928227472959
-7.344537374806196
-8.042035329110123
-9.011163022582721
-7.65568104954136
-7.350688918396053
-7.094821351833692
-6.882881764863225
-6.956595223570929
-7.186119674624422
-7.486470127060683
-7.461229764103359
-7.9281547949694975
-7.422984074772303
-7.493369134244484
-7.7330941396001736
-8.002898709843928
-7.477065466107258
-7.447528029364299
-7.484278045185784
-7.962376761346872
-7.653431270900598
-8.12898080407568
-8.711547994518
-7.886920179138618
-8.64930421929737
-7.710295385234886
-7.454489019185282
-7.633022565525023
-8.078436043571557
-7.998497876742505
-7.739432288159825
-7.645509607256804
-8.025882447881544
-8.164377822902921
-8.087193654800384
-7.864983635705246
-7.910337844467756
-8.635407955303862
-8.142423273659752
-7.404199904216016
-7.407443312949075
-7.887876269172165
-7.311985327565598
-7.274981834156992
-7.70622249974279
-7.350651802409428
-7.172201051626109
-7.476108491923976
-7.257291963228554
-7.06384230003201
-7.111506031672337
-7.108993443183684
-6.809048245866136
-7.099402349102848
-7.422507910093042
-7.056933713324789
-7.434256585782452
-7.443714131297484
-7.530587513462684
-7.1468454318253345
-7.02821002782198
-7.158723169680177
-7.041153945333812
-7.438668788742204
-7.917422745334643
-7.483827780694587
-7.731853204483886
-7.635854443839601
-8.84307808484902
-7.845839804221986
-8.144665929463669
-8.184840240994054
-7.357638482462342
-6.882868377800073
-6.998759283947415
-7.585164184435166
-7.020088560988564
-6.888289000711016
-7.042421017379425
-6.923233088706448
-7.125304875787888
-7.20347409677335
-7.372093944379179
-7.907897660059145
-7.914176139640887
-7.475606705505392
-7.818695392751232
-7.887046755003567
-7.519368602811513
-7.384597116100835
-7.315345420294635
-7.652785065581645
-8.516677744378008
-9.198771279011734
-7.858443066774121
-7.407920924375655
-7.158518562875836
-7.004972987572637
-7.031050998852631
-7.288676570547832
-7.898242032045259
-7.687249316848306
-7.407483747972902
-7.381917024031878
-7.224328172162984
-7.269596925608698
-7.424534175493707
-8.033219189599754
-7.64315862030536
-7.283222182854151
-7.3208679811374004
-7.524091990512103
-8.067914628725042
-9.524450803187145
-8.64744280448048
-8.08282061240478
-7.968232467805703
-7.437704895682597
-7.375703079652083
-7.737986194528804
-7.906108839393445
-7.656736914138929
-7.574233199560223
-7.499465875363266
-7.678159531414949
-8.537811920326128
-7.890103574375077
-7.477877575029843
-7.429590002249633
-7.6087215530907395
-8.584408578552075
-7.621090383493468
-7.313564330453076
-7.199261856737376
-7.149591225825297
-7.409827576510107
-8.818844877409305
-7.802808542798619
-7.808771247602925
-7.804731956001664
-7.411587609580856
-7.1835327579571855
-7.203406553278842
-7.480861622875063
-7.245791853785783
-7.814272489314412
-7.5184933953203545
-7.426844593727155
-7.317330175940842
-7.206896215195677
-7.173763046582296
-6.892582699041119
-7.015345797190175
-7.3103179424362255
-7.272822124199027
-7.425670615955421
-7.479248815076896
-8.372453068553728
-7.817871674646111
-7.737088003546135
-7.923231388516
-8.424751960084892
-8.66610757143771
-7.599169920076167
-7.121024006839991
-7.000483948806279
-7.158964057039448
-7.183705287842199
-7.343761029000403
-7.584405733275659
-7.368326232929743
-8.030540090935483
-7.945083627434688
-7.462512791506465
-7.3568840997586165
-7.761482936398744
-7.4497359554016604
-7.252370130337979
-7.611033893985126
-7.400434419643004
-7.1772082521560225
-7.217983801393494
-7.485512563444499
-7.069283140489359
-7.08411998075112
-7.192090435142109
-7.253131848677562
-7.165337951538647
-7.246356459949032
-6.985828506035775
-6.954556520902464
-7.388576863771181
-7.940981987226739
-8.025292889231345
-8.404839365532043
-7.857425638885577
-7.770025751037259
-7.635661575237426
-7.103950434478485
-6.9131463137073625
-6.905607058268334
-6.611937579005482
-6.404417898903769
-6.498999710391459
-6.84262676879506
-6.906290013610296
-6.79646147646212
-6.681289292447302
-6.800247660185392
-6.779485636129039
-6.609529726208445
-6.665225819672797
-6.844564449247901
-6.816997518714617
-6.770627760948825
-6.52179703217534
-6.580091241779854
-6.909725670954575
-6.563719716597889
-6.369431286104598
-6.394150877951629
-6.381708320664597
-6.306599723768638
-6.388675636751904
-6.752863851520911
-6.3785585763625265
-6.249292779475242
-6.258728792018551
-6.295194332912492
-6.247488165443096
-6.168992183606439
-6.275918329406876
-6.4614311067271215
-6.784663623968244
-6.6761829125249825
-6.575634058897188
-6.500684770289883
-6.261960349883783
-5.954169838168511
-5.963331950330328
-6.127079730451035
-6.5544030868894705
-7.540193478710594
-6.653013558002801
-6.071343107140203
-5.906176332177068
-5.986340464655437
-6.227680579992638
-6.740546799943869
-7.237162846644069
-6.32904327215866
-5.849678547646919
-5.581265967606721
-5.516170039919407
-5.680740323235438
-6.202564208404034
-5.800639279185231
-5.119304180316702
-4.759749286432014
-4.610398427509701
-4.595839022330093
-4.561391687669194
-4.433522785584169
-4.352739703936366
-4.445589775727443
-4.873270013647762
-4.885874615598779
-4.394601258221732
-4.24029142871264
-4.441678588816303
-5.078749743333391
-4.939195146434582
-4.549802034135042
-5.314675161659248
-5.492085558491794
-4.885931234518342
-4.633091344886748
-7.027098100323329
-4.638257696254485
-4.763133298519801
-6.134954007911647
-4.778847844600174
-4.996693942320546
-5.4814649765505825
-5.191739860642668
-5.637109492272625
-5.5340143075933685
-5.388539128945885
-5.803830061270384
-5.642667966966263
-5.741803854523933
-6.0474938545380965
-5.752246598556707
-5.739240223598325
-5.816079814286374
-5.966504545279816
-6.038364242833016
-5.993879496111981
-6.258301923991732
-6.618767706999393
-6.5459968660844545
-6.34808911345036
-6.235538076980993
-6.27487198053847
-6.3243186687931985
-6.437620927576772
-6.566963050411276
-6.732547591100356
-6.7603742141864815
-6.6429798188195734
-6.698940602827745
-6.438846053669345
-6.4528494924485535
-6.400583018666163
-6.178291247838362
-6.190730136256298
-6.277922424061015
-6.725372120729958
-7.222882242096594
-6.927230734526161
-6.812594710343441
-7.801543380798481
-7.157719685001421
-6.491297532974315
-6.455341363168009
-7.061848951042317
-8.026205889229498
-7.534726507066052
-7.3104106000277875
-6.951092602369045
-6.853308844104844
-6.948273926135618
-7.783566809209073
-7.338274057023693
-7.222922589525595
-7.142085505929096
-7.46221637149524
-7.954178607874879
-7.191218458377849
-7.277685560478737
-7.3504010246973435
-7.569691648059929
-7.647648560762096
-7.372490130354883
-7.143312793507706
-7.508140385349034
-7.257549520136843
-6.848967993533406
-6.9643545878745785
-7.1688276717055635
-7.948977586568322
-8.640538876352279
-7.791558560445765
-7.648164485104301
-7.7726573802839605
-7.275251006003138
-7.030149838810696
-7.53885433938427
-7.548319256063711
-7.093967991178081
-7.004965238585686
-7.362890213941739
-7.56859062923829
-7.230671575277694
-7.228394223843756
-7.678776680852985
-7.6538910519273635
-7.104173169672953
-6.930251354663414
-7.113621043052814
-8.77025415761616
-7.112300608077967
-6.754915821056713
-6.540575358524248
-6.542490833832841
-6.481000244630603
-6.552362779251124
-6.558692247114005
-6.763765256077806
-7.020905986561704
-7.064771039313059
-7.292641956701112
-7.8223546015062535
-7.3187118706335195
-7.034926584831409
-7.091682221858334
-7.125230369251082
-6.981083074290073
-7.081782817048289
-7.097656687623558
-6.806003431132933
-6.679403557001815
-6.954767224251293
-7.1550057899038455
-7.597173358838274
-7.1111497779649655
-7.40571755487608
-8.616616557367434
-8.220653436821856
-8.66464726440988
-9.546872895412418
-8.241189491035628
-7.466419462134241
-7.204855734065436
-7.520362110606154
-7.8416077129564945
-7.412322614775726
-7.16982065087264
-7.365948397346481
-7.455971182578171
-7.788218015135419
-7.992157284634585
-7.593704769953243
-7.948134134330895
-7.368992802706873
-7.214504725033974
-7.653106449566214
-7.451708639417307
-7.34400517417822
-7.804384454759635
-7.58192169353282
-7.065539074770563
-7.019999004111539
-7.252964860640578
-6.946493955947367
-6.945208855472115
-6.910557496150054
-7.152475305481984
-6.789316476102491
-6.6033619824973915
-6.9375220281531345
-7.118699364165256
-7.071622533605931
-7.350504924460045
-6.70639308735123
-6.6544945402000755
-6.742252885482818
-7.146598679945657
-8.07308799238958
-7.6639443192704935
-7.378287131575229
-8.013476629660486
-7.827447766231552
-7.265403363618032
-6.875198731287866
-7.062280184439297
-7.448202720321846
-7.3032795366193906
-7.275273419380218
-7.228266393299715
-7.451878299141573
-7.322202716162899
-7.411292331923389
-7.822429741998539
-7.25688484365096
-7.672899099593439
-6.856879130234874
-6.750837290837319
-6.750282224244041
-6.97960438741067
-6.8487620106742515
-6.740109849146834
-7.013728494393419
-7.348160306934933
-6.931502616217797
-6.788833475736218
-7.063285636480966
-7.551307774387258
-7.474288505265943
-7.248409536946112
-6.953845143912173
-6.750805047433692
-6.7098698093727025
-6.410492494413617
-6.157752337611913
-6.13719539995781
-6.3745216473381765
-6.6589696289721685
-6.953344025337381
-7.040772553668715
-7.181572537790429
-7.462066666779832
-7.111606000546208
-7.08502235834129
-7.229375790502458
-7.243391799385647
-7.4784432327923565
-7.752573256158037
-7.117323116501858
-6.880485774595645
-7.104406062054609
-7.05983212293866
-6.57738035854296
-6.4777788700277785
-6.683140352615763
-7.892500204057295
-6.613869928905185
-6.407949054362934
-6.598631324621405
-7.04262994697806
-8.311051734458754
-7.840630552899229
-7.4643019735231135
-7.187467898642445
-7.194147058505886
-7.811863199333767
-8.498250165358048
-7.621876323265613
-7.307676153002239
-7.31523235613487
-8.199445710755809
-7.847998477333168
-7.581140588443165
-7.642107087566626
-7.623173678583672
-7.081547995607317
-6.79195074936987
-6.453547491809052
-6.601805396273744
-6.956993037112484
-6.579626149899915
-6.408381216393725
-6.343832461625828
-6.4261398338572535
-6.866937795068592
-6.993193662358826
-6.636639877344447
-6.7087481393758726
-6.88960180436834
-6.985942682502089
-7.211885181960685
-7.848992045431597
-7.979595528035317
-7.176388601741212
-6.78268470980078
-6.428540769662419
-6.4116542038580695
-6.539356559087282
-6.5864022594294385
-6.960970093283673
-7.298079705593188
-7.1589064840388374
-6.906116102260445
-6.85861049240564
-6.743323906121009
-6.553949618641454
-6.740297138639806
-7.2460790566051845
-6.7793730172182665
-6.448656337220561
-6.495723074806375
-6.855998193650162
-7.08636408930067
-6.783224954951082
-6.69634450548687
-6.574421745375373
-6.719725639580054
-7.0363214485640535
-6.9985483133319635
-7.642680243147546
-8.045756752139894
-7.63094320571494
-8.090572938833455
-8.046382826766003
-7.469304114608012
-7.095776708079645
-7.2299629169156265
-7.85742195519842
-8.446939750117071
-7.632878444941532
-7.308281193657305
-7.328157016671987
-7.519500228065146
-7.482572475233811
-7.641318017796669
-8.041376577066123
-8.852737524944864
-9.299757872365573
-8.963653061849294
-8.481701126265216
-7.466657963750806
-7.162768366578494
-7.332107967397188
-7.760214725420081
-8.168742600471086
-8.066659628860275
-7.263813463786495
-7.1665012432294
-7.1421453018822225
-6.882992868750624
-6.997409914960026
-7.458792696177401
-7.670675959974049
-7.134114347784166
-6.874442523953855
-6.860588485812658
-7.2707101938216585
-7.784739587589312
-7.9403039288678645
-9.7921322433422109
-8.180616991271437
-7.886575951609705
-7.457951787623611
-7.726879691804334
-7.619791420892772
-7.478951922723097
-7.536045463152411
-7.992718886482432
-8.384005653510945
-8.203272840749262
-8.258161764302754
-8.079594506252091
-8.252955639620492
-7.596835412255532
-7.30907791553243
-7.083705621958253
-7.071030469114661
-7.230637965413564
-7.633351092671577
-8.140348775485966
-7.673871188807973
-7.642939236522722
-8.012387724004288
-7.623419869285216
-7.669500763592984
-8.154422349371487
-8.798781073603337
-8.253485243192785
-7.972034414114096
-8.114573088839105
-8.796660605856419
-8.791850557743143
-7.975091709307922
-7.609981596608732
-7.943861155885219
-7.940554655972303
-7.910527314577261
-8.345496822783092
-7.888388260856418
-7.831413817235884
-7.675950055483709
-7.369487075602887
-7.355331564221454
-7.118050521931365
-6.781738178645176
-6.5714817405796815
-6.566687177990614
-6.7839205741660065
-7.312982582333043
-7.662021978711739
-7.652058743467107
-8.49940768842275
-8.522854950555
-7.55885066018671
-7.298103091142159
-7.4230435006450035
-8.216373086809282
-7.979911395386038
-7.992696685036612
-8.360770926593858
-8.513120035340842
-7.313860853592559
-7.066660806831802
-7.331878325898115
-7.314955191009421
-7.094448564458692
-7.289370560027558
-7.835120860268627
-8.496048070870499
-7.651327223588102
-7.175633808612446
-6.883543368870747
-6.802754273647131
-6.723106868346446
-6.870640170458109
-7.13096213522117
-7.512905782788151
-8.260660998507243
-8.030164617007067
-8.20761684854896
-7.522257167892591
-7.022876379718995
-6.663862406812371
-6.643185342194481
-6.925040268846021
-7.471184155832478
-9.159460623147506
-7.540204225045163
-7.00971657579111
-6.7788361999746645
-6.727505743072846
-6.709469684705441
-6.686185885634082
-6.74283057665932
-6.847549191235641
-6.917228711332575
-7.0442418422953565
-7.476194293271748
-7.809109285413439
-6.805325120364247
-6.208691114408649
-5.845028486740267
-5.626655313662305
-5.484841654739784
-5.412523128168607
-5.397473882347117
-5.478112725939959
-5.696097336225383
-5.990262870764718
-6.085622248254811
-5.779968196690706
-5.569498522198425
-5.572108179837621
-5.817902912053413
-6.346610365097838
-6.44021149395463
-5.912936203683101
-6.408048052616182
-6.6077898815547
-6.962848895277588
-6.118083295203424
-6.485144878683371
-6.58423693817314
-6.352363639532489
-6.462740837671244
-6.3733407337354695
-6.549587789335435
-6.615619091973412
-6.713892082202825
-7.029883398621004
-6.815914956415081
-6.8736429029838835
-7.324079523877532
-7.351681931795755
-7.638403392374867
-7.588935735172704
-7.4902032992174306
-7.518046591566244
-7.318935180348859
-7.261671495612513
-7.101125576037149
-7.105996191310809
-7.539764242361847
-8.09137048816839
-8.029015377192467
-7.85061994576645
-7.885965410612116
-7.9062398145897586
-7.856694651035635
-7.604826502198761
-7.708537551077018
-7.9759509996423015
-8.716950906303413
-8.649382946063225
-8.237165748791075
-8.10945233228617
-7.621973627393834
-7.5122459485893955
-7.640126300942318
-7.9424027398260115
-8.112818349873896
-8.279209540311152
-8.047256481312477
-8.031741208451649
-8.75853484737309
-9.07272884385453
-8.029018839630197
-7.655403360705141
-7.777885914746971
-8.07563127649161
-8.03867924533475
-7.957105089155469
-8.038314123117031
-8.028829095155416
-7.918424487325047
-7.988785946520752
-8.070575358898926
-8.113363040697015
-8.806833331354023
-9.740414198216534
-8.349106338498585
-7.8276548148094935
-8.00853311706738
-8.413450460531523
-8.666823116797733
-9.801677847184159
-8.368947857755947
-7.729176127974519
-7.666173622917568
-7.980727236000937
-8.17449290103732
-7.764172164434951
-7.746061704719735
-7.659161540185399
-8.206547602065527
-9.126103909360456
-9.268007256440288
-9.788056957719464
-8.818297137517243
-8.351409766334067
-8.339302815284183
-9.043444145333204
-8.269668403686303
-7.996202427679157
-8.395998321052216
-9.4157543907004
-8.974455274535767
-8.804802322067822
-8.291781237435698
-8.729031268430644
-9.143795566611757
-8.479014497134838
-7.994329554536928
-8.027235227417425
-8.034296970247892
-8.040375434665433
-8.257156730229964
-8.620330357881395
-8.452806891916385
-8.403445759055897
-8.475309725746941
-8.14522825687231
-7.981605738913273
-7.928055709218714
-8.097261041161644
-8.115032776470134
-8.630322622882405
-8.319742282913117
-8.393137887586175
-11.149782983236705
-8.821309805055003
-8.446932226652894
-8.340450093720841
-8.361928749529673
-8.400016999093996
-8.398124797331997
-8.5665393734268
-8.287932524477075
-8.534612939764946
-8.422406036144038
-8.919499799599942
-8.506131077257828
-8.062768272101268
-7.936390414590644
-7.845293744250511
-8.087429327235874
-8.200140792221049
-8.23402735033392
-8.479025860341656
-8.926284296644539
-8.279246368357674
-7.662459329956424
-7.5520476853245855
-7.2857598888321435
-7.409563284084226
-7.973038838805456
-8.868039926771912
-8.31858976728274
-7.662059608818391
-7.36594259596993
-7.434801352022284
-7.652705416390615
-7.922682271699777
-8.6391461847488
-8.39263872127087
-7.615506729200898
-7.501089491215691
-7.688456213749316
-7.6230771808545095
-7.682850619617393
-7.929627886048057
-8.132698395020363
-7.746836012822349
-7.605255572875243
-7.715886402099527
-7.822567820674084
-9.440289268477303
-8.414904785555608
-8.278669068074167
-8.108380742686087
-8.238683652393993
-8.225442765597762
-7.801696604593187
-7.655434724159444
-7.803771529715317
-8.114829587537752
-8.187441976797496
-8.269314811504515
-8.356198255282221
-8.626628472879247
-8.61621998041078
-8.734097252980755
-8.817696009798269
-9.009772967523883
-9.351233873260965
-8.684735322363041
-8.524309099636751
-8.432112847423921
-8.486861246565262
-8.563941207081957
-8.180222973914873
-7.813198322554964
-7.925438134488348
-7.871394303061064
-8.025856877954025
-8.261166673515838
-8.76310583921873
-8.255030292533217
-8.8712271834770835
-8.40987119488358
-8.003490567494673
-8.034533359357594
-8.512634317510225
-8.757493540161049
-8.43436106078441
-8.163723434474539
-7.718561343009589
-7.37735789923784
-7.328336952128285
-7.382539758786311
-7.611846070032962
-7.892015456021813
-8.13066352493209
-8.183818688897688
-8.278663047747608
-8.838767808557249
-8.989793114799454
-8.324935327217299
-8.236889674026013
-9.072952627188137
-8.174256571507538
-7.826527543009825
-7.955154138517945
-7.797015108400015
-7.393918777504614
-7.26666051909498
-7.406319123736884
-7.778965135296091
-7.8053464034100495
-7.350315864441786
-7.1119447569385885
-7.292161426951826
-7.848643553169942
-9.181647295395145
-10.621221329453835
-9.035874189025538
-8.077827779630125
-7.633302615427971
-7.672542421772749
-8.249390207901198
-8.687495338810635
-8.459437132172422
-8.2106768923582
-8.146962764529242
-8.524924371845607
-9.069135471769005
-8.756528850323074
-8.498694659438996
-8.716741802505922
-10.222472684139099
-8.097511668839825
-7.68811126854422
-7.634270902090573
-7.820326152703986
-8.220894987836068
-8.251295552513948
-8.033072545450276
-8.519841892279114
-9.543092213780008
-8.505240395434402
-8.356548119334686
-8.57128981520719
-8.250325103247105
-8.377725699439232
-9.194978344647993
-9.201787836783996
-8.729208700850373
-8.595991180617107
-8.962770027674877
-8.761801220222356
-9.053691279141043
-8.326419982791142
-8.099435078571338
-8.532667140102214
-8.347652882849063
-8.2893956935435
-8.067462606031578
-7.812735636864399
-8.295662855854573
-9.51424062150138
-9.055364830859407
-9.422310708695258
-9.24259831160253
-8.651984165296541
-8.542882215596265
-9.113390891697966
-10.214146268318459
-10.273736523446194
-10.220617831790863
-9.569018620250432
-9.505689159598083
-8.916779889806316
-8.612019452854403
-8.373299760145764
-8.297005226011855
-8.760756252408344
-9.600245609618222
-9.018137717545166
-8.820640648578548
-8.200801130325837
-7.787520449175774
-7.83046144071056
-7.832785558484151
-7.744659298480037
-7.694524952096071
-7.608853503921288
-7.744449026779599
-7.826988252403528
-7.8763540362205875
-8.130410018041285
-8.56041605692316
-9.323988977927435
-10.426842572961359
-9.507097406457921
-9.03434059230949
-8.626474035737257
-8.092690555575587
-7.849300025312683
-7.997525245096255
-8.073056673027809
-8.260346136905758
-8.101288838075778
-7.9951104696977975
-8.222045654564964
-8.189187261845804
-8.204091572015022
-8.520706344609275
-9.02606899442427
-10.101450126501128
-9.561504645704613
-9.32716087045187
-9.933865804678858
-8.997926770240017
-8.663072841930637
-8.821436640240721
-9.170579086630013
-8.890984401295578
-8.396089547241857
-8.26769590267449
-8.446962227184047
-9.101458896271609
-9.027556707267191
-8.277847147601102
-8.230326540140833
-8.519619159598266
-8.696007659726334
-9.39128635759528
-9.14896533367229
-8.584555018217317
-8.334068835372465
-8.318226717368626
-8.619778435164088
-8.434208632029504
-8.903883164154228
-9.947864620600225
-8.965626854239241
-8.965538874106034
-9.3976261530202
-8.595812830348166
-8.418804645952306
-9.369245608377414
-8.758875458363894
-8.231693131025086
-7.93661755078486
-7.998998662503226
-8.083358143785198
-7.930769065448205
-8.052940545658274
-8.15015096615069
-8.209557934123728
-8.376022150609915
-8.71463674964536
-8.755690188343076
-8.598892268496781
-8.64404358905485
-9.312702053405658
-9.232834503193448
-9.696139703522743
-8.766889218346885
-8.093697473547014
-8.017079630134264
-8.062454786350674
-7.803485723348466
-7.894028437820388
-8.014361003661428
-8.03163943311649
-8.119463542508532
-8.283955954850574
-8.537898030656335
-8.724455404205894
-9.664586549988721
-8.988702899606638
-8.42201740003526
-8.265205908072698
-8.790105970091913
-8.550799174691598
-7.855277849871918
-8.151979184030397
-8.372743788777125
-8.020331832365567
-8.010481338143531
-7.99139844594142
-8.09089575132679
-8.422066240790029
-8.948529103866488
-9.530228063840735
-8.198462862629116
-7.838236739341778
-8.192727673968356
-8.510946446320547
-7.894086520760992
-7.737428681551507
-7.6109021046650644
-7.529361833606996
-7.454408897620635
-7.445319237482867
-7.501376508985196
-7.5964294189493184
-8.235946218669875
-8.637188129452705
-7.812352883138033
-7.738475312730681
-7.505513080487439
-7.71375343207748
-7.797817370674643
-7.371672927546495
-7.024071535429108
-6.823632437233981
-6.764990594861955
-6.564622504582258
-6.422953636642492
-6.471121677647736
-6.640337392903816
-6.84262045022961
-6.668355929211787
-6.210527318153164
-5.851228425450783
-5.544505176177709
-5.2906579669097775
-5.09969526436043
-4.992015396164979
-5.050087934102784
-5.300802163585087
-5.60176810772593
-5.277019266715878
-5.026961666130191
-5.079125872240071
-5.523863783112297
-5.871285848865648
-5.372785018644925
-5.359562183963448
-7.398236415222771
-5.593189614911219
-5.4089801739935135
-5.478913859899574
-6.332498339776542
-5.203488614097347
-5.713518988772568
-6.216635854596817
-5.482329431153688
-6.189688084783523
-6.072670537907329
-5.887403359264304
-6.479658439860598
-6.151386990678033
-6.3682797774693825
-6.659953746101824
-6.419006197692599
-6.846546881825932
-6.744978469270901
-6.633964522934048
-6.84413595046906
-6.784699570945076
-7.043326192347866
-6.971783694352887
-6.970348719581669
-7.185997904138625
-6.9645819269286395
-7.052726067430288
-6.969556808628274
-6.94452148182771
-7.010287030738787
-7.171477720863888
-7.325677920199173
-7.47620250552278
-7.987289379776599
-7.646577316229439
-7.175454264858845
-7.055485667736476
-7.287670737282027
-7.4550353391152155
-7.396297889918202
-7.312976763935622
-7.374072533450212
-7.803877810776347
-7.547930609515165
-7.381055445631575
-7.209793415641255
-7.242425149880435
-7.309445572301637
-7.492985351637234
-7.78087642282174
-7.818978317429134
-7.867582526575526
-7.881105902655217
-8.116702920878186
-7.937791023902041
-7.85010017680677
-7.6296248605517185
-7.689986545227834
-7.964902112672755
-8.632102800004448
-9.022091761807191
-8.583521329277579
-8.709123040040266
-8.184984037469295
-8.086132439981137
-8.208945465010213
-8.225594762185265
-8.575743682711995
-8.2485866888476
-7.902056204468584
-7.981599853430511
-8.662303954864244
-8.321613091090045
-8.377723310953382
-8.901742364847873
-9.748036526251317
-8.417828660711757
-7.899432238366928
-7.884159787887723
-7.969649370077365
-8.823469762712069
-8.022848242268518
-7.994050578415415
-7.749962181654406
-7.543507654918368
-7.661985418998915
-7.6312636991998115
-7.348487831538731
-7.395455152864207
-7.668883364655633
-7.695743247320555
-7.780387998345331
-7.8361758640880055
-8.09225452549942
-8.398343951197306
-8.526468451266405
-8.152841610636465
-7.945543049976174
-7.8315137457595165
-8.108349526494221
-7.745690019822879
-7.7482607740707365
-7.52319609513058
-7.23468018895119
-7.222293013129557
-7.265307303143288
-7.4258808172680535
-8.201692400684378
-8.051243333520464
-7.577967252910498
-7.593824899294088
-7.579222203023978
-7.539236368350248
-7.8590678832239815
-8.604358861305917
-8.565065207846946
-7.995275842231774
-7.756027663899175
-7.788618185681148
-7.832219538034544
-7.831412226410115
-7.919361022607268
-8.34480219375319
-8.728152862984341
-8.04331957787887
-7.95133374627851
-8.184992015693949
-8.360257441334948
-8.211730867753605
-8.23704221768845
-8.523695630445358
-10.90726136172966
-9.112817635249723
-8.680822103710826
-8.571304293378077
-8.884992076559229
-8.641491226744616
-8.046820253650676
-7.817104925377894
-7.728322470744125
-8.129632790260509
-8.816080605078533
-8.435404756747202
-8.647407826092186
-8.7952808314388
-8.613652364736812
-8.979957187170502
-9.343197569656525
-9.53356024524055
-9.636818459132199
-8.672660824825597
-8.31579769413579
-8.424713468886472
-8.428094392187802
-11.949925804731857
-8.477611455962125
-8.491992384497266
-8.235648608395827
-8.041558865011876
-8.153629514311099
-8.15388877501225
-7.810640885987634
-7.624311631849585
-7.751400658417482
-7.934180988191601
-7.738572602086591
-7.880158443162051
-7.978161622877662
-8.191307790640417
-8.359257400732941
-8.607813039563652
-8.577382416293899
-8.449307040500331
-7.886783740018055
-7.5948168817710275
-7.75311956638965
-8.368198346191463
-8.68763641940565
-8.164027654196607
-7.8104587339349845
-7.884555595637369
-8.346843750442767
-8.528473241914721
-7.909470564869972
-7.618152667154037
-7.537086470561925
-7.652508703142718
-7.478177993948388
-7.48466167308756
-7.694520194321644
-7.961691789030268
-8.832772067058077
-8.12082497258687
-7.9135562397906485
-8.257850671616259
-8.238669255293802
-8.703927282349364
-8.94430461055714
-8.406341243459615
-8.996982798975305
-9.169130046062378
-8.491195992155781
-8.51251674468007
-8.911628138266659
-8.627197122505338
-8.234644623805414
-8.281176075625288
-8.355420433970226
-8.019172415557414
-8.459657443841499
-8.897785757670098
-7.920846075088966
-7.631985714781714
-7.5970589747058215
-7.609786821806419
-7.700016171116556
-7.806283959520484
-8.496229997793376
-8.10831181631352
-7.813945153640136
-7.81245527808638
-7.7496349918264595
-7.5617810055334935
-7.7400246478748445
-7.703504041597663
-8.02059939358578
-7.955067828108221
-7.917356928062514
-8.071203118930777
-8.216655639831584
-8.216544746810797
-8.256944628107833
-8.574629482989465
-8.601292949954209
-8.379768555138797
-8.356501730801067
-8.434250453758201
-9.00753642550018
-8.691704401795262
-8.410518214123975
-9.34260996203665
-8.93837724890118
-8.469075241029675
-8.149194546433401
-8.55780665201906
-9.431306765763868
-8.780217916838696
-10.659158792732319
-8.50006912842908
-7.9996895185690455
-7.895831124213727
-7.892672779452749
-7.7176271231586595
-7.507796008197156
-7.551720424462164
-7.781543142937756
-8.658146733252373
-8.008037291459289
-7.937186591210765
-8.481785280032195
-8.440552903455318
-8.637911946827817
-8.047098692479555
-8.006724194060046
-7.789510090809516
-7.87673137098402
-8.19893466230429
-7.709315071983363
-7.856782858801423
-8.589569437338769
-9.371196041330208
-8.882726145747757
-8.460585225823822
-8.175487171155657
-7.963487501982041
-7.879373871263308
-7.8211202671400795
-7.981149609419165
-8.835943829276996
-8.60246752213161
-8.094322656101557
-8.17716981052513
-8.470271230125007
-8.324425732773543
-8.670507075743311
-9.102392708134197
-8.603181017918544
-8.504587413382321
-8.55207433280788
-9.803928404738853
-8.82947654757134
-9.052429544118358
-9.66768489504647
-8.92683051968152
-9.575799438950574
-8.442483669185465
-7.808517118864405
-7.791610912549418
-7.820554080073449
-7.985774125220647
-9.014351598543936
-8.45032864866929
-7.718348204496314
-7.58507398084288
-7.804848888660314
-8.125232475421784
-8.732880719012275
-9.533020646796107
-8.684809660090401
-8.002561654224017
-8.177883225642429
-9.28775596204033
-8.597495667832092
-7.886657116359196
-7.761789877705595
-8.847706259392426
-8.990324150972393
-8.058901506975953
-7.598115910755542
-7.406409944474259
-7.1247036977891245
-7.095857973553151
-7.516237325088699
-7.65347861914502
-7.615053185713067
-7.689916190446127
-7.7965941123491005
-8.384743935542042
-8.197371072762587
-8.321641160973519
-8.04179543899903
-7.88978553777451
-8.194797846659853
-8.669130929187293
-9.221370776669785
-9.564615233493027
-8.34631762225818
-8.054430647939453
-7.994964527924414
-8.480253189792364
-8.740472977619305
-8.599540578050261
-9.492675882760476
-8.48157510671102
-8.475229714709304
-10.186742714300633
-8.298010369124217
-8.207826872023643
-8.294074758454252
-8.112949505787567
-8.23991274552698
-8.488802500429985
-8.248468672333077
-8.038684769369537
-7.8495869083421574
-8.16293378536302
-9.451089128372203
-8.527411253422766
-8.503640302241426
-7.965491668659108
-7.665221214412666
-7.762928312443374
-7.996978957673795
-8.10143859290761
-8.505213551133213
-8.244579952499693
-9.148827404662294
-8.215531006817569
-8.045400864127162
-8.167283272567854
-7.69909387313975
-7.379787434013335
-7.601290021147945
-8.284889833593848
-8.1898256059720609
-7.930798516444246
-8.000005958038146
-8.401108551687656
-8.565695455692847
-8.42457912697006
-7.610698522719674
-7.498979061744193
-7.603751496444729
-7.709145699475364
-7.847767939496407
-7.587779854031917
-7.815426192225022
-8.527702533196088
-8.103949707447079
-8.139608289091424
-8.787834855176857
-8.179993383991652
-8.156941623874145
-7.970773550299133
-7.5600510657450934
-7.3474080575734755
-7.3757001081576075
-7.449761294362064
-7.557290199980747
-7.640849621533587
-7.560735727179087
-7.3857178023623575
-7.236866615208848
-7.256833446867266
-7.1832923460179465
-7.2432025020453645
-7.228319813662251
-7.052406954863034
-7.327002420718945
-8.78914634995277
-7.9156255902686565
-7.49471851659046
-7.278149944952201
-7.336817736101375
-7.895036454433263
-7.910851706809356
-6.829947272525031
-6.338214355651912
-6.1308666562245655
-6.092054009905407
-6.07404913692138
-6.1587472530644725
-6.341789660982853
-6.65485790926208
-6.901887294337267
-6.376449360009291
-5.930338609700723
-5.637656289793718
-5.44142065035657
-5.285665589737959
-5.18372499353211
-5.130170970603986
-5.134782930739019
-5.146311965983119
-5.098733234909524
-5.056091830290161
-5.033112227449431
-5.0566977722187385
-5.145988254100729
-5.349131642527407
-5.586778323998193
-5.628562613485181
-5.616585738288606
-6.07308488326608
-5.73980431786388
-5.601986216738943
-5.520102952603445
-5.82989086202796
-5.574373805768709
-5.539230971770852
-5.9141246904060125
-5.836557457194913
-5.936069428618968
-6.176691396043213
-6.162161209862087
-6.3216326866671775
-6.286289063068716
-6.308062300875753
-6.559502640226906
-6.48865425533154
-6.535855913130415
-6.740195349118016
-6.735523685899022
-6.648122512309585
-6.623631715640462
-6.683346145239288
-6.717711896603621
-6.768070555322157
-6.85235418131846
-7.11023422052872
-6.947829552057377
-6.916157864633078
-6.818623908000561
-6.89477579643248
-6.991283807622564
-7.142586105566472
-6.94298273115646
-6.856914357803393
-6.881873427119837
-7.090305093841056
-7.408024072092293
-7.3877347605928705
-7.296964704024002
-7.2580014616098785
-7.172460826376472
-7.169642830204793
-7.151643564199699
-7.371531337968361
-7.559293769891414
-7.621024690110557
-7.58456404425939
-7.520803479429952
-7.36373543523047
-7.291145467156913
-7.461796792394786
-7.339216780375688
-7.267917706070918
-7.346846462789402
-7.26170386228587
-7.187529833790803
-7.37156813695074
-7.6925224720145415
-7.509231616633838
-7.310715899703815
-7.508400428022395
-7.920772462009865
-8.146664702494807
-7.962882886725201
-8.118555874146349
-7.91404662898411
-7.968987437796331
-8.016852597416444
-7.85631528762283
-7.827799218010325
-7.762619848623758
-7.789133751834664
-8.536332558541488
-8.594109241548336
-7.920717592216747
-7.592933657003704
-7.318874797483323
-7.271686580502906
-7.543015361397172
-7.658989826464058
-7.70291599052643
-7.994828434647562
-7.898303637144614
-8.595620084944942
-8.06300417296187
-7.670943697746196
-7.763337211918169
-8.45103914816686
-7.9491324589227155
-8.00660125283471
-7.654435187079292
-7.756676789351828
-8.02210014277851
-7.537747915391056
-7.477306062098385
-7.554075459697026
-7.640143156574714
-7.584912665788887
-7.768601559123796
-7.825599129214971
-7.310527312388612
-7.25673314955766
-7.315634625122623
-7.234576536680688
-7.399592014530823
-7.44748412207746
-7.535552487461459
-7.636470007024963
-7.545627248848605
-7.45394881245994
-7.748386907235368
-7.703595771599987
-7.959194367978816
-8.297766219519293
-8.047413202170592
-7.767188169174138
-7.495544116966921
-7.6403481800207
-7.542417212388447
-7.364728854400452
-7.4133721884856225
-7.341524807984285
-7.522560969502968
-7.587534151801912
-7.734221755745664
-8.058132480178848
-8.68350071685463
-9.14800617433257
-8.801558857556817
-9.533087639294864
-7.965746683761405
-7.532085429902432
-7.493057036654492
-7.86286753568539
-8.417901706240366
-7.756920833854848
-7.431473223537568
-7.142541309143645
-7.2419194489929195
-7.591872793529789
-9.341028767475247
-8.705355349474736
-7.980227762784347
-7.66985693517389
-7.443193127316835
-7.679065822774713
-7.975586297444595
-8.248475834978846
-8.489209800719156
-8.083368228224357
-7.808951047584262
-7.919177277678767
-8.268210711096513
-8.385203579110032
-7.7341270430181055
-7.497627178148704
-7.737798057473676
-7.907524252507893
-8.416072065417447
-8.167317154875375
-7.70153604898964
-7.902332642298768
-8.108205658400738
-8.177802940639895
-8.183327688503764
-8.487618459217739
-8.667131483435139
-8.196543864770982
-7.7971927921514235
-7.57048887893283
-7.7452694665356
-7.751569451494368
-8.20831362932249
-8.510870659102103
-7.779291361175761
-7.7379030341072115
-8.34225802338002
-8.694483045503866
-8.091805752772748
-7.770491555377962
-7.425443405904459
-7.274111828836178
-7.28299789473279
-7.349161336834226
-7.7277972109928195
-8.412140406971934
-7.282321187190804
-7.104976790828202
-7.203545519370197
-7.494681233857471
-7.529566383844842
-7.861819873977723
-7.831798955076967
-7.6818083383003355
-8.174695654539802
-7.6786939038209665
-7.3625746072585905
-7.315585675468836
-7.172197793413822
-7.205182231265271
-7.340989857727834
-7.717243926669218
-8.70275718047722
-7.929454728356701
-7.652285483479174
-7.831749927145929
-7.643184007306372
-7.455114413830328
-7.655135038855162
-7.978109524718567
-8.006994473718485
-8.515670816700364
-9.191909477696804
-9.495323681544166
-8.101436118799109
-7.568660539873257
-7.558246822875319
-7.810414979559236
-8.028594937014246
-7.9354260941218255
-8.152310090123759
-8.361644949927875
-7.783099033834851
-7.891770325580995
-9.047783630492606
-7.7544961505877605
-7.603974194297408
-7.266059852060537
-7.351688876890689
-8.060465618312099
-7.81244243556445
-7.723842395373599
-7.582686761845133
-7.855663542571485
-7.89293534590111
-7.575794859082361
-7.613925377091589
-7.647987952270551
-7.749361904148329
-7.941419273973377
-8.151598198985276
-9.062976861751173
-9.583040199460964
-8.315267625486763
-7.83803003724018
-7.855393499178542
-8.263500819695597
-8.624012330512025
-7.8449617288662505
-7.434996104456089
-7.306224104632443
-7.293277876495372
-7.364335544769386
-7.577142468215771
-7.3985802096506825
-7.290308309362743
-7.259063707365605
-7.284459447213295
-7.459220979997327
-7.571117409514588
-7.833459985868932
-7.581523368333144
-7.250643520682378
-7.171257388417819
-7.283248196557614
-7.780611299434063
-8.461745234960743
-7.910542127652789
-8.56360285875032
-7.937719563474416
-7.65277101510446
-8.13512683514062
-8.941202395249721
-8.200920847406096
-7.774809292935597
-7.870408389672485
-8.425419554395159
-8.266185986086175
-7.831287577106318
-7.505653693498978
-7.442850351565175
-7.510873530474241
-7.694333068471122
-8.140020665519513
-8.948994192387437
-8.610503180997865
-8.091743505762539
-8.0897453660071
-8.372715432607917
-11.568643023571006
-9.106939521547641
-8.265757150897716
-7.9947992801250924
-7.6682812298614795
-7.9938506033280285
-8.116745856635337
-8.048116982193772
-8.273461554363426
-9.990921078853427
-8.617835914952648
-8.249362400768678
-8.21870942185449
-8.361754292394044
-8.899656531147787
-7.801059971316887
-7.453173906343357
-7.304035217001749
-7.359502647449383
-7.416347846317277
-7.5629224506933195
-8.453643580160996
-8.875974959027472
-9.288775960037816
-8.394989471009069
-7.860248380253029
-7.599801841255089
-7.845775119539941
-7.926716109732413
-7.724118561684757
-7.584616479392982
-7.362411235265951
-7.7429060390508555
-8.48773745454902
-8.328782568744487
-7.8013601898313505
-7.672089541288866
-7.8137012259657945
-8.071060176388377
-8.06489967484381
-10.845122157828637
-8.180589264552426
-8.289440118462757
-8.836527874997135
-8.559361872383224
-8.067121616658069
-7.788865831141055
-7.68926907516409
-7.967214574931897
-8.349007777341559
-8.770855527655863
-8.247319672401392
-7.776980038877813
-7.399052488048897
-7.373677447054077
-7.901487352833971
-8.391891414959662
-7.813587687333378
-7.683815754169004
-7.613640143128058
-7.893733509062854
-7.956591502694343
-7.852369924775981
-7.730859280728976
-8.004297866549527
-8.97214477373734
-8.504584614360912
-7.949297591635867
-7.447742400601547
-7.259710009879745
-7.1272620212854685
-7.088581776965853
-7.232502892873394
-7.294708916614283
-7.260428050707102
-7.443330166418682
-7.142375611213669
-7.101139450151419
-7.139082257269248
-7.118174124134877
-7.15573922479468
-6.985083139412211
-6.851854037778581
-7.011206428638466
-7.470353104976664
-7.460062419355672
-7.450212476169274
-7.845120978032352
-8.668771152926224
-7.806806604144283
-7.4350036409837825
-7.523910552442375
-8.033884536947925
-7.639695125111547
-7.634475335041251
-7.578852415970543
-7.751159309650184
-8.063941119838368
-8.407552051347386
-9.143469465976327
-7.910923740728595
-7.3264399920899805
-7.268168769047276
-7.680272167793688
-7.954650159456808
-7.7568166685219975
-7.787647375498817
-7.933249584057498
-7.576948091139005
-7.5977756295005845
-7.684294745312436
-7.944630255136182
-7.621027635635094
-7.539799221051346
-8.04363893497548
-7.436026136990441
-6.977458083733744
-6.672924527565049
-6.552427100225627
-6.736711101805203
-7.177829134103913
-7.399948515145528
-7.090204425980277
-7.014003422013148
-7.447325236252774
-8.367367744827085
-7.309401707556098
-6.726729370147151
-6.334385917380051
-6.096612905731493
-5.958817759987925
-5.938707710639404
-5.975029003700166
-6.13507176198329
-6.423097303073537
-6.284276391824687
-5.771489962029602
-5.3748861723817765
-5.086902851795437
-4.8899255054880095
-4.771218788770039
-4.735500879898576
-4.804818954021089
-4.9717972934385815
-5.067223519898436
-4.901418194876685
-4.771882124790699
-4.789473222859933
-4.948967214116672
-5.227294002622099
-5.384338307939655
-5.4626245376480025
-5.666242790129722
-6.189828770627604
-5.779138229444148
-5.551571797182624
-5.544322345667864
-5.755818191345137
-5.625017915651288
-5.534291360694717
-5.789269948739495
-5.724027972515685
-5.753433014450192
-6.011965730931429
-5.931628085607225
-6.0572732663334685
-6.163417840524152
-6.151612151706853
-6.3504798386754295
-6.342546263366388
-6.363328260628724
-6.6145855870427335
-6.619140200123048
-6.837323801584488
-6.9554997796639375
-6.825553375809652
-6.864033165043778
-6.946852555786452
-6.987559898621646
-7.472325030286222
-7.514694266929398
-7.04577985856276
-7.002787612617652
-6.812336013755272
-6.855314641414584
-6.828339409464813
-6.971230301208945
-7.142346703047362
-7.025784426126728
-7.09680369634744
-7.546710636595291
-7.625535304110845
-7.528098369268337
-7.596647562044857
-7.456945104789696
-7.490899639650856
-7.689118181639687
-7.44952337013498
-7.8530267666563365
-7.8132832821779745
-7.502384871178967
-7.527596825414979
-7.471391559137748
-7.775620793938117
-7.823341963030387
-7.848293971551942
-7.903531962015833
-7.5605119375086325
-7.324959706689375
-7.30266166182266
-7.3439476282200555
-7.54028854250497
-7.802753921171136
-8.853896534247568
-8.428928307384616
-7.596616395145384
-7.459752400514387
-7.64827811819784
-7.455583605127618
-7.352550145004889
-7.14173361251077
-7.1207674428848575
-7.583905062625311
-8.548437497080402
-7.885872485089939
-7.734545422788814
-7.636279100109004
-7.7693558614691485
-7.611548084130387
-7.430639577067757
-7.4518489727312
-7.557815243850416
-7.366534624579758
-7.183546985921512
-7.278461366110302
-7.417891875939122
-7.766432650407789
-7.8377682808448705
-7.515565908018422
-7.468819276405651
-7.542534215422551
-7.604006667708706
-7.897689876190076
-8.949129817806615
-8.048590116887938
-7.708094402911565
-7.759627754537095
-8.419779565810632
-8.407449974118407
-7.541572622289339
-7.248267513443702
-7.11143350849312
-7.048699197597151
-7.292281340719062
-7.340056944032352
-7.533789774953913
-8.051638654793981
-8.447168764799002
-8.658763721334315
-9.168122539410714
-8.958072549191588
-8.003870901929202
-7.574142611356218
-7.518531005349586
-8.187453936320248
-9.22121478680694
-8.412982097618453
-7.8684642145213255
-7.9699518005825025
-8.707289263355513
-9.033066176902887
-8.838048571520748
-8.880013074404243
-8.736830750419387
-8.67148973663484
-7.819647232823193
-7.61077971260844
-7.615162038931674
-7.811338873412861
-8.232362123020845
-8.467647304098632
-8.630722773901336
-9.2538472217617
-7.886643130590508
-7.6807939297088845
-7.973829645831223
-8.364345124638291
-8.04751824434743
-8.130191347691452
-9.28922318116728
-8.797469713716813
-8.301384010154965
-7.550932972623584
-7.292038145116982
-7.166022140396362
-7.430285198063151
-8.261117705752554
-7.662986486771122
-7.13116943295276
-6.92208723232557
-6.892774144071059
-6.912533679583743
-7.05594829020106
-7.34685067768695
-7.668749364816367
-7.521539970155336
-7.444579829921752
-7.5587504213173835
-7.96053116536697
-8.218838361279817
-7.733066429219559
-7.399435007265002
-7.283231039369198
-7.297323892476521
-7.586436658373068
-7.493577506915845
-7.285002457916622
-7.261806883366126
-7.24774826203021
-7.26262906189588
-7.213712830925171
-7.282369242002967
-7.541206835829475
-7.715324267844781
-8.08128280800267
-8.64112545258155
-8.601156423698507
-7.889589134610664
-7.636597071517162
-7.431139900495736
-7.293472031533901
-7.167334283128641
-6.903991268491656
-6.818087518503646
-6.89052356042644
-7.0383990433328
-7.295636162633881
-7.5607621101437745
-7.595037761307451
-8.139569823491492
-8.171281521942214
-7.635531595874272
-7.525998707672965
-7.6490945378619974
-7.618821801754566
-7.891734032735417
-8.114841050284122
-7.801754503207116
-7.999928786339776
-8.135292843931358
-7.671907477175675
-8.050129947668832
-8.618983146994266
-9.179873688959228
-8.330673932886027
-7.967325093853414
-7.952578147641676
-7.796630424044915
-7.811892304371711
-7.872097405091104
-8.317040122069852
-8.66177122666384
-8.778452095497018
-8.33807618793872
-7.911641378127654
-8.030615893724718
-8.456912842713402
-8.994767510082271
-9.643863747463593
-8.925750433451709
-8.153292759855914
-8.005271132627433
-8.033879626098777
-7.856638781962443
-7.674229664478195
-7.509521945454553
-7.53736135098626
-7.784637482601042
-7.611422728742385
-7.536856881983627
-7.560132438865485
-7.588764571691766
-7.565170740903709
-7.648726988561689
-7.692443975418251
-7.564219563112579
-7.782417215878232
-8.550388763834123
-8.508788602483625
-8.07810462900306
-7.777285272267989
-7.742812662294896
-7.88161271898503
-8.212944879905919
-8.748032815181245
-9.400356687567294
-8.398902145959376
-7.8333426739064995
-7.716836564321017
-7.789839655514283
-8.190199447795186
-7.855389077106791
-7.337667323285995
-7.399560449136924
-7.401439062851079
-7.482876252370973
-7.785923016487569
-8.542670246049493
-8.162125536834562
-7.72425627111208
-7.809237131505256
-9.013301006309653
-7.9983988638533905
-7.571034627495622
-7.746881817569947
-7.521322191261967
-7.429919193196595
-7.5102821875682455
-7.587959671958176
-8.168772248991482
-8.599084120985964
-9.18539637578872
-8.440540471933609
-7.774613033741471
-7.697999003458088
-8.102330349613759
-9.360977047982185
-8.935711706010105
-7.976248464809089
-7.700556895029928
-7.829688316096246
-8.517167916843915
-8.234473108907025
-8.083436704846319
-7.713119232241957
-7.572270186495883
-7.733024840242986
-7.682887832193587
-7.701863520520919
-7.953324294187928
-7.922593051482977
-7.777601503028554
-7.73171020174562
-7.851063543957929
-7.7672835510780605
-7.7960905109343885
-8.024811590524862
-7.869737855047194
-7.454552779614632
-7.321439359283035
-7.504216292946261
-7.8139729717416095
-7.415498032322707
-7.232712464388928
-7.157813802803059
-7.214535847672933
-7.455078782004327
-7.904440881386239
-8.419696269070661
-8.56716955807989
-8.776724469063755
-9.122648381616148
-9.104494241840477
-8.415363232032544
-8.105351707319265
-7.95219770021572
-7.8552996853882835
-8.583963249619238
-8.592529435356866
-7.849059081708822
-7.89197390957937
-7.955806675699332
-8.124822507434125
-8.993738555465635
-8.487294526901858
-7.90608898118643
-8.094727600638981
-8.32302639910535
-8.438892318231312
-8.140278283005651
-7.482527072507879
-7.258836499681388
-7.373563403057556
-7.682669721161131
-8.05111865502446
-8.499451453010984
-7.515473613640884
-7.514797578950925
-8.058896742028459
-8.385236064267628
-8.40116262826355
-8.43689505393153
-8.677782523327142
-8.506754827030202
-8.318716815449669
-7.809050911762371
-7.573586152458663
-7.909317591691534
-8.163718601160536
-8.158388001717427
-8.212499809332934
-9.918342203272859
-8.206793093174461
-8.02331292215426
-7.860722348097066
-7.580513375553027
-8.056010436580817
-7.99199731238821
-7.701784422970577
-7.237084255283848
-7.094812081311671
-7.165377044576143
-7.510616061219212
-7.413552060938205
-7.329517581171142
-7.421267389624304
-7.770150853215787
-8.01403422173879
-8.630587307251972
-9.464581263738982
-7.931646842200558
-7.585025586893188
-7.606602486833096
-7.549158737236798
-7.572176323001368
-7.634588322718803
-8.072116410837276
-7.2385572306435995
-7.036708655041529
-7.444994888384339
-9.017244216242663
-8.197361171690018
-7.365243235679617
-7.119702082149075
-7.265627066822485
-8.189401669393053
-7.977373817880927
-7.888685440347263
-7.843955072703292
-7.540989228502685
-7.369757980127808
-7.168175267740352
-7.226552540147478
-7.5466973393167525
-7.821111753725281
-7.691861963345084
-7.516885471757276
-7.586020388846545
-8.0603715802229
-9.198493421857771
-7.652314427355996
-7.201248658590354
-7.296844780342414
-7.283800926726653
-7.092868648667384
-7.293376132092692
-7.52131638187601
-7.647605247884223
-7.984736148449893
-7.286761382234875
-7.063118515358398
-7.101190793992418
-7.118472160306802
-7.35491306545176
-8.07081827095094
-7.96988504047145
-7.175267467823
-6.8542203542423374
-6.732764939402129
-6.6513779778815
-6.648382398702835
-6.601601596194452
-6.468077958716013
-6.314147358271929
-6.154433055229914
-6.041921851682127
-6.039406521896626
-6.0932761619248055
-6.163147325253125
-6.0280799944529395
-5.6687210757315025
-5.362593131296683
-5.1638005471285675
-5.08719824314693
-5.149336394931617
-5.354312775476118
-5.80492135763332
-6.433621949682634
-6.204692374093277
-5.884889098809634
-5.7564631401147315
-5.981130169003462
-6.499137518154013
-7.028916760851222
-6.602402539153975
-6.767875073317619
-7.942854651299297
-6.629564042018194
-6.217344415354729
-7.591508216251397
-7.012483790320959
-6.604197924292727
-6.429498148196834
-9.331688458464116
-6.227527954520772
-6.1805021932616375
-7.416617475755048
-6.814904966708139
-6.979251994388529
-7.478960790334915
-6.8752880128335025
-7.119593828654079
-7.5226359539316014
-7.336245333213651
-8.888754826147743
-7.306077818431854
-7.323388372405194
-7.688414980028581
-7.600856050413262
-7.629050216317923
-7.53185221155677
-7.190969186446683
-7.1109482011045655
-7.095273019461585
-7.143895210919548
-7.274265425362498
-7.441245243527138
-7.688733798303954
-7.781568328212722
-7.672244419783031
-7.549063378651435
-7.35825622815291
-7.6891167616173055
-8.693927677843986
-9.283041686091158
-9.920143607802348
-8.304323725339772
-7.964931371044732
-7.887370476932094
-8.350561826699748
-8.20578879437021
-8.296541391327157
-7.968362389022748
-7.504578115781135
-7.334512312913381
-7.315828273402895
-7.294019080803498
-7.31890787384051
-7.494701514946073
-7.6005099997843555
-8.021381243448069
-8.233741967104793
-7.778384572344996
-7.7272059884919475
-8.017912036288319
-7.968482405119732
-7.727133285158203
-8.002266578322915
-8.010772758432953
-8.189105822772229
-8.642795887927422
-9.373960222830938
-8.664558885912507
-8.383257308420214
-8.216740680515807
-8.005062263615399
-8.287955909254887
-8.918634420690818
-8.020301042730239
-7.712206052585089
-7.530647429780945
-7.688523144106374
-8.03878292836846
-7.765995967766374
-7.472436046421538
-7.532117574482633
-7.383584201156851
-7.247859021594868
-7.32224627694709
-7.801694404697193
-8.119225010506511
-7.933758058312348
-7.648123416543784
-7.729918810747126
-7.839231688057253
-7.823871746405442
-8.000900589503454
-7.861191669454704
-7.379050544023979
-7.134591885483679
-7.153823686885272
-7.2252362132508825
-7.218448596461602
-7.418047558018837
-7.612832342092733
-7.305175049163211
-7.325517242876905
-8.009467114565709
-8.338450776567827
-9.177622656117494
-8.742258305713456
-7.778127045179357
-8.032548239618627
-8.236812338609528
-7.9419098911236645
-7.810542564190686
-8.01126350329985
-8.527827998235201
-7.918846473886704
-7.922344578281079
-8.365629151038158
-8.041468084097689
-7.621062314533272
-7.6834811125677716
-7.922579449773804
-7.736541279903027
-8.013890664987056
-8.577377757669396
-7.848659600693704
-7.672208750828182
-7.9752899163714375
-7.786947619867741
-7.4020484668015145
-7.519359496455831
-7.900081086467499
-8.194241268049813
-8.298356710021947
-8.426011956233504
-9.262895859707381
-8.36110377716247
-8.057660750057543
-8.173178435034743
-7.902033716403615
-7.781186696380578
-7.992165603024782
-8.529228848004998
-8.88621718207707
-7.8128820314258425
-7.466307968322268
-7.432857844422103
-7.7328061388121485
-8.234013861626998
-8.516924884402915
-8.165690007527902
-7.554011745817095
-7.506966917134141
-7.862053358671724
-8.308764452341741
-7.777861060489804
-7.629760744556189
-8.441821823271965
-9.437290572770777
-8.567577845786607
-8.151639181567067
-8.689296553183661
-8.69292709604742
-8.161113105168988
-8.42756021756359
-8.835604589249739
-9.039558781230843
-8.058231226149315
-7.783774233003801
-7.668845986937619
-7.933363373788477
-7.850700371221266
-7.679896949935492
-7.581973274636769
-7.359281750985705
-7.474069564016161
-7.7887637934509915
-7.560174786056665
-7.669179759048833
-8.257261583602467
-7.403077220777048
-7.42537464699893
-8.004188975848972
-8.399182043957264
-7.665369819313092
-7.4493687445704095
-7.364750324931609
-7.412375669471671
-7.370519369995276
-7.74872546524823
-7.944578256181097
-8.609705565387205
-8.937701994669075
-8.840889991204817
-8.659396646388677
-7.887756355854198
-8.149939303690747
-8.234857655678068
-7.92982726265933
-7.944630546668587
-7.835526591112178
-7.814044690137312
-7.664033718370507
-7.67928713089156
-7.990109839132531
-7.82817764370588
-7.8357909940931885
-8.135041063557198
-7.7739900390951675
-7.8621279688698875
-8.28497965213396
-8.555637198196884
-8.737879780363265
-8.332510463290962
-7.884027719281816
-7.87739493169532
-7.903384927858566
-8.119611704223095
-8.176089615527768
-8.631677346708564
-9.72779495689691
-8.510419921083306
-8.14194308733062
-7.8727185211552575
-7.930547652632781
-7.530939542270871
-7.609069568068097
-7.942922704806531
-8.524953831232787
-8.678813887287617
-8.20604808683616
-8.13240698465815
-8.033900539428465
-8.366614559579498
-8.230511300302819
-7.709569186448274
-7.96882810339601
-8.124111515716166
-9.129091863167174
-8.077025477748023
-7.4668833900244
-7.579993237136997
-8.037336814843883
-8.197146749091209
-8.192263441116047
-8.554434615285375
-8.843749785615913
-7.92162386970415
-7.4741034185394675
-7.519380718172578
-8.170039545973225
-9.175364715629025
-8.30877521161291
-8.287230578206456
-8.692611407149828
-7.8897865842308255
-7.826651332332544
-7.994332826678167
-8.327106087602202
-8.521112310921893
-8.178158248970497
-8.106081582280266
-8.041778476842323
-7.979143985444371
-7.7601769202865665
-7.844436920724734
-8.410950679272563
-8.120817565766943
-7.833668952468296
-7.807150600847892
-7.649736867413755
-8.063213828367882
-8.891909728442892
-7.625312179403587
-7.75984592077492
-7.937306717229566
-7.945022092208761
-7.738891269233519
-7.7574122457001415
-8.793633666144359
-7.815634385821362
-7.86658623502081
-8.397660727349962
-7.723486421081868
-7.394194401261008
-7.432039543691644
-7.851273610969654
-8.165053758472288
-8.153803079313816
-8.116992541388957
-8.180142102303629
-8.155560885740025
-7.766536814133103
-7.610405289628337
-7.748282079740512
-7.8804149408029724
-7.803317611082221
-7.618448224246919
-7.438682513841676
-7.2614150410803
-7.377398008207773
-7.452365390847974
-7.375519056930573
-7.201058551275569
-6.938760883173389
-6.920998669689667
-7.3739139499514765
-8.356812455066974
-8.230165713062496
-8.110020537025623
-8.031309296962917
-7.828453316266266
-8.397347818443233
-7.764481159260494
-7.339647573695837
-7.459365993308416
-7.642074955334554
-8.240982426836103
-8.54312634252443
-7.767034263470183
-8.121135690736503
-8.731347338881088
-8.460939310999253
-7.836936723945011
-7.916022711141812
-8.066397006027369
-8.992474160721754
-9.311756943959733
-8.576555676571985
-8.116617809716349
-8.248013315569949
-8.33404455514071
-8.439920334587738
-8.56658867260925
-8.889388106772582
-8.18750022417033
-7.884401016882477
-7.5527787851181705
-7.435760684627729
-7.7757654069011615
-8.403923884493631
-8.248005894118823
-9.152414131493526
-8.647106416964338
-8.935458047803593
-8.41240321129672
-7.873564763928774
-7.427071019318563
-7.468284191404965
-7.153626445446745
-7.233973156941467
-7.580557138099118
-7.524903310166348
-7.612848801337131
-8.233304706431026
-8.400337701114495
-7.844288166109738
-7.476729844982444
-7.547805115581274
-7.923745594904889
-7.835515227833893
-7.419942356325009
-7.308987241050661
-7.633363940924939
-7.89819345467585
-7.827573526551889
-8.22890180329216
-7.822204942775467
-7.7858648632606755
-8.261627054283226
-8.517981878363207
-8.44871319612202
-7.900326501388276
-8.039298689740507
-7.829829529895937
-7.919575973265564
-7.954474905350775
-8.585089218751627
-10.04168214386124
-8.37689219952041
-8.187019900917306
-7.963597334433805
-8.033135934282368
-7.9560009271952055
-8.004376281645419
-8.08737375796494
-8.031111960858883
-7.933148251043644
-8.879991594807748
-7.81962168330445
-7.554928078787068
-8.299952861704002
-8.491199268314627
-7.558543441012845
-7.394249643282947
-7.708582269854978
-7.789510190505372
-7.645191355618966
-7.43833893916992
-7.396821564543853
-7.767557169305724
-8.455539536548052
-7.6928929255755
-7.267860459137576
-7.127600368196218
-7.138955339616802
-7.447958099982742
-7.7498671399044525
-8.259054728914625
-8.820101360528543
-7.919828923996193
-7.523761071628659
-7.158290085082006
-7.117537578492262
-6.957835098451417
-7.1474254856155675
-7.53726846469101
-7.472097763535416
-7.755498230213212
-9.387190748346654
-8.32033798234939
-8.007584863564382
-8.098931856030983
-7.624203782501042
-7.248934697518987
-7.0648997444115595
-6.963753327145171
-6.990613115765495
-6.88225805812519
-7.067662078441474
-7.046163959445178
-6.501313879738851
-6.137345111956576
-5.943186591268001
-5.8428533181797135
-5.785354119282425
-5.780084115171362
-5.911422030062293
-6.34436957958672
-6.703440107621891
-6.01775958429808
-5.690601250075959
-5.733157757399844
-6.104514955492185
-6.525823863764256
-6.100762380635256
-6.010395575513453
-6.474389252406616
-7.224749329253084
-6.113104013749384
-6.2956238228989125
-6.8801864443141145
-6.797219556695674
-6.190255518031379
-6.806051605750228
-6.470090435428663
-5.997497206423894
-6.500658099027824
-7.325113625588837
-6.732163840528306
-7.566678532795852
-7.323191293039161
-7.23264874073566
-7.578712993074492
-7.685376165518904
-8.26535603411687
-7.080709419147663
-6.8921115519077425
-7.264382669245021
-8.190676128559224
-7.818282190390268
-7.148855620724737
-6.995028431207126
-7.116539891590634
-7.159601703185416
-7.457042459746291
-7.741578862875904
-7.383390014416834
-7.660681961370497
-8.45664523357679
-7.874602508042018
-7.4724774847148
-7.630430748743889
-8.90620836519132
-7.396895843268884
-7.261755376027739
-7.571146822852321
-7.635191012686993
-7.753570928438733
-7.811846500836579
-8.181054664438218
-7.684603879703585
-7.596606169908758
-7.270127827280226
-7.165624665259673
-7.0234118228240545
-7.061689665313658
-7.225927778902122
-7.2744341759703675
-7.218260240282518
-7.1133354603130154
-7.328435844482232
-7.835019187814295
-7.489768476782234
-7.4441705960961615
-7.433108767778433
-7.483748972492356
-7.496604360287687
-7.6211950734238
-7.517987608162348
-7.102184700234433
-7.105841796520418
-7.583841473270491
-7.671313443277554
-7.4083196250300976
-7.580423150128138
-7.59335196653749
-7.280707203487624
-7.07694066056797
-7.035541225631478
-7.561021776263676
-8.152436065199437
-8.141751898811277
-7.839551142587075
-7.818514433042424
-8.01113998295086
-7.9649918331275416
-8.399307233832888
-7.897940190050495
-8.150957102056509
-8.374365266635305
-7.3307085168111845
-7.270419541648532
-7.509777149136761
-8.21138439824243
-8.363949924603737
-7.651384973559395
-7.54680652302533
-7.8787599699509
-9.238917584722014
-8.13567601906045
-7.519437256468465
-7.407242885929036
-7.425661463963535
-8.169234491198521
-8.273283613674614
-7.926546064058945
-8.170060660431135
-9.175379319368407
-7.989210114783482
-7.967313703918635
-8.881178896893402
-8.932763510509938
-8.731894690066763
-8.30492834521264
-7.876496886226466
-7.781717223765024
-7.423079722166444
-7.314424170298593
-7.766946142795924
-9.183591143064193
-8.297140824007252
-7.8038658922862725
-8.31598739616786
-8.363811444382915
-7.764896203362495
-7.9140589141154285
-8.102734250246684
-7.5303862464016245
-7.364955970772246
-7.3187924969783476
-7.558413684354568
-7.903583890631158
-8.093498031386087
-7.703756620280162
-7.4790529344494345
-7.472316733990803
-7.5805301930905875
-8.13770412243213
-8.5042373726593965
-7.568257374743447
-7.421320395060466
-7.675394947463533
-7.727712723832071
-7.506476454473773
-7.26011920536031
-7.335436868193823
-7.550050851005656
-7.855742498325007
-7.89196076650188
-7.813060038594221
-7.823527521419615
-7.936006862939023
-7.959425282295828
-8.82271750378804
-8.242605341268984
-7.643230116762223
-7.392879297864543
-7.269070252898349
-7.297892835933671
-7.372692379477547
-7.410084120039911
-7.754230927931334
-9.03680153724438
-7.840049903968
-8.401962169529234
-7.430016437372742
-7.2031307196568894
-7.473224601794394
-7.81439822785718
-8.176226492322263
-8.15541091775714
-8.461367557792558
-8.72676667875385
-8.1598986292292075
-8.00884911541534
-7.934108930958533
-7.6246809214436375
-7.450582650596951
-7.396536062797096
-7.380960422682158
-7.858358470441703
-8.805950041982562
-7.743624893985173
-7.610693714659597
-7.951965124654853
-9.006525516356474
-7.981527313214417
-7.9089238468390946
-7.722270529088694
-7.817419356587142
-7.771367666480562
-7.410326614832636
-7.051595472964579
-6.995611449108548
-7.047480102250741
-7.005710378677619
-7.3583949118642815
-7.940033984136642
-7.4549884822916885
-7.680882526840071
-9.52936837018498
-8.037249322848167
-7.823884028977487
-7.542450654756671
-7.288147975134143
-7.15442288848914
-7.322474922557218
-8.156607742711437
-7.621364198875909
-7.577284978639405
-7.5162112600118745
-7.3493845621167075
-7.80922511561905
-7.924515931008756
-8.144322406952286
-8.349941353130852
-7.235889604623415
-6.7434769542697826
-6.645760364390826
-6.959377757645261
-7.220004402510643
-7.251363927903825
-7.18300818376166
-7.438802160353492
-7.241513907716054
-7.359747344758726
-8.097241943685564
-7.851981021693648
-7.122239551848038
-6.882596940488214
-7.0087344819693485
-7.209209991963689
-7.379008971550304
-7.449272929735609
-7.73397202414258
-8.306156035286747
-8.370538317788936
-8.43721795847242
-7.941617677480384
-7.917236699887266
-7.973302896672703
-7.545598188147463
-7.328350044213815
-7.585660083476966
-8.07911665700701
-8.241104264254524
-8.354498161918379
-8.160026607795059
-8.817809298066157
-9.979286555800222
-9.050889049724208
-8.50559591104698
-8.886667808542056
-8.344678371622047
-8.059292502458032
-9.734087486801915
-7.799555893603359
-7.430560010479369
-7.677382431872373
-7.959484374180645
-7.631309913168215
-7.501417322723317
-7.690073432348971
-7.671490661265783
-7.2285523732332235
-7.274275557477156
-7.515368190493976
-7.559851077882192
-7.940868256320497
-10.475150663917411
-8.227673215410713
-7.949881009778532
-7.89600690664521
-7.810150244293664
-8.535406936927798
-7.725051576359858
-7.392704774226512
-7.517678968112155
-7.595591612125503
-7.685975652460697
-7.668047493865367
-7.578810182291506
-7.681653647564203
-7.975611557628307
-7.988029577553309
-8.560850263837953
-10.319249611099842
-8.827400976310376
-9.131177691973908
-9.76066773778899
-8.433345886480188
-7.842502289204032
-7.68443694191692
-7.491347166414036
-7.239373251906374
-7.300098501408502
-7.428126128702041
-7.787519764699936
-8.298045096958939
-8.333674900942492
-8.700702146144652
-7.712635036480852
-7.632743197519077
-7.554767156107397
-7.364246430075386
-7.468596578653685
-7.560769827332514
-7.611686977565632
-7.763003923148237
-7.683940459977144
-8.167654617293282
-9.568855743587127
-9.416245051564113
-8.908700939496049
-8.291355269202283
-8.198372148867843
-8.368283964299088
-8.019410173754212
-7.839487514866552
-7.712193382704798
-7.662002861121769
-7.757868331205842
-7.45882636798379
-7.374823853611087
-7.356755752962859
-7.471246151590896
-7.366877336633664
-7.312010967089394
-7.568199692127958
-7.556521449481027
-7.789465957964893
-8.805297821531406
-8.046862252753407
-7.555735025131923
-7.220771269408046
-7.070535666046513
-7.24807514328864
-7.529500820604778
-7.484965426133846
-7.758992234569267
-7.80319522436962
-8.020914463947129
-8.787248016289395
-8.489124224934194
-8.187737362151534
-7.7151380607105065
-7.405248114038841
-7.276241713450827
-7.54853674836112
-7.789504503563118
-8.359801272566987
-8.53871636031166
-8.378182737786275
-8.317708065634127
-7.7636697533488235
-7.479207468050968
-7.513562649416755
-8.140111275991861
-8.093120008109704
-7.919508304843677
-8.037773551942196
-7.867364441447443
-7.589173051881
-7.8800461646004765
-7.889871962921016
-8.186698327915055
-7.906080021383764
-7.577927883044067
-7.54236560773496
-7.657190290779232
-7.674809008766765
-8.02573953897944
-9.816578087275055
-8.023504830596202
-7.6178582866282865
-7.4781932508359334
-7.7101759183359215
-8.10839087149979
-8.15880760584381
-8.483788020534025
-8.29778354645028
-7.863286049887294
-7.893750085085091
-8.183269679973955
-7.615161374643177
-7.490357096806534
-7.721448315681534
-7.973769202863788
-8.135841556066465
-8.495901825182274
-8.365650807235868
-10.988874720616318
-8.475695667293316
-8.015053218632419
-7.699165317261632
-7.480882863531994
-7.655934612616804
-8.00914079750696
-7.89607721723959
-8.01980484001485
-8.607957034708486
-8.420166076707906
-7.79027444615603
-8.059427169469577
-9.021629906665533
-8.230793985749452
-8.144079002736667
-9.85093620401527
-8.978535439113147
-8.21696031889184
-7.879090860181136
-7.589696509726168
-7.391989960932654
-7.247144325447233
-6.963752584901925
-6.872337099525617
-6.988979892557404
-7.478104781898501
-8.032397698527594
-7.456169368770801
-7.095747945278166
-6.95794262914565
-6.8811578303241365
-6.922299845671322
-7.011393370805561
-6.830552733671335
-6.571140123459713
-6.3814070497762225
-6.285107601872974
-6.287991773830935
-6.4700638772823345
-6.900696537489295
-6.7723092192501655
-5.998747813935362
-5.535480943803417
-5.285631548253566
-5.1759420928568005
-5.199675026305693
-5.356985519166544
-5.749453413398485
-6.398650443398956
-6.0156836310090975
-5.520176455201871
-5.340355251029896
-5.40093054596773
-5.7626868146888075
-6.365782226526521
-5.99704019467605
-5.742614338131787
-6.070809223975413
-7.767976791384492
-6.05529893337701
-5.607684887684379
-6.524578389897824
-6.303917532123244
-6.0714608895685505
-5.750480556228366
-6.674363776832193
-5.994861038879786
-5.791154926236831
-7.016154606424936
-6.115053380822128
-6.0459315055742415
-6.850756623751698
-6.571560407027259
-6.657569575370365
-7.101646353874876
-6.826632770668034
-6.722678229544186
-6.551308135493562
-6.693654770402482
-7.44349937328609
-7.215086964780214
-6.912312780988322
-6.763596731793385
-6.685097612667427
-6.898956333267531
-7.346141664673207
-7.329498055951449
-8.25147036753826
-7.683770497858386
-8.042822770923
-8.243598784348846
-7.540814242055696
-7.282773822327074
-7.055205348804963
-7.103460669785877
-7.099916268121016
-7.177492820986666
-7.366597681383995
-8.005390163816719
-9.312773092292291
-7.778134943353569
-7.162242716851875
-7.085361176420654
-7.092281384079487
-7.231898360343544
-7.76656814149757
-8.01282305267166
-7.4569116324688265
-7.397350985057396
-7.839759050366208
-7.555136488831193
-7.242560629904767
-7.094899515591806
-7.234236967674209
-7.313340344622395
-7.512295717793812
-7.685282509191315
-7.382386042134375
-6.898026046147835
-6.918832468193025
-7.510309832153744
-7.46019998602457
-7.11248700107791
-7.071277367574213
-7.07531723137781
-6.983637433774997
-6.860889859900988
-6.946462275050241
-6.937954239076021
-7.2816265155861375
-7.512167092916798
-7.38949232713023
-7.321607486724
-7.455821011739621
-8.352014259918928
-7.930654965502966
-7.620386061604276
-7.810980759575979
-8.308872328791391
-9.208071306143847
-7.6717744274884305
-7.221980909396274
-7.246922803999976
-7.280624423520866
-7.478516766164867
-7.5568067049318595
-7.4188570703670464
-7.520481900069468
-8.565829519085252
-9.013789648317049
-7.7816422149208755
-7.70627509547389
-7.589811528062034
-7.471508848361689
-7.360915843276957
-7.556728822833132
-7.945934195077149
-7.947943329814735
-8.072103429804837
-8.337217731297892
-8.141032142298567
-9.25428312061886
-8.145483030121008
-8.932542845736336
-8.095351077038478
-7.913635078956843
-7.6739356670941685
-7.487273188325818
-7.4308026338991375
-8.095311917454957
-8.438761421267184
-9.724467401511479
-7.850086741937422
-7.775123005263365
-8.5578194790106
-8.08936929541185
-8.058763308506201
-7.992430776886086
-7.843409807111056
-8.169697347334926
-8.126149080731745
-8.007342112238579
-7.987904322543857
-8.008131833869667
-7.541082670711743
-7.304440391901316
-7.437738366922813
-7.696773822061471
-7.991190697529396
-8.260775815800192
-8.06140098553464
-8.45480638732092
-8.575965508291729
-8.72687207700271
-8.985319308243358
-8.810125043605131
-8.134212766452343
-7.831625580148469
-7.464997913649638
-7.354656786911507
-7.347202280545051
-7.454296910119329
-7.646340144577753
-8.290985271041505
-8.602096066044362
-8.37869038203704
-8.791405626074175
-7.985608322747365
-7.4167958683371
-7.170920206304888
-7.245128341906875
-7.881651634321864
-7.899317653183669
-7.3293312879482935
-7.123848021905017
-7.29274420690242
-7.292890215378888
-7.272241794056848
-7.527989801578204
-7.652464927094213
-7.717455657277861
-7.287429115068256
-7.331020110722742
-7.7267905218574935
-7.486241282537129
-7.146406603766348
-6.932721926347979
-7.238824026352897
-7.580445586701478
-7.335238987745085
-7.034609386615786
-7.13591211698432
-7.769173138731846
-8.773859741465236
-8.174742743674722
-7.820648906444137
-7.998914353228957
-7.8221916281270945
-7.828869967514217
-7.904920637163529
-7.711739998448851
-7.588323971751328
-7.684865106222194
-8.61405639215878
-9.247916450221906
-9.097744602956944
-9.01060341413353
-8.692064903251035
-7.9514607591546795
-7.670755018562409
-7.814836095644629
-7.803815085192808
-7.915887959992449
-7.677765720326826
-7.860502673908343
-8.539826866532357
-8.14952984529922
-8.128514769983017
-7.92119231238613
-7.488164557153754
-7.352553431372365
-7.775202371408856
-9.140801207455612
-7.898366983104367
-7.935630063761886
-7.439451881619796
-7.2031885780592795
-7.1867695508488305
-7.472964459143389
-7.769106202740827
-8.42602231759926
-9.767183191098084
-8.07042094425092
-7.504035605876506
-7.7195251404819585
-8.519280963180552
-8.44631193481798
-8.07707359619838
-8.246327202515385
-8.252123371453123
-7.865254237272395
-8.279187177130256
-8.655504094847199
-9.29510811882787
-8.307068711280118
-7.958497918808126
-7.59329694695798
-7.754807959476644
-7.516085974006397
-7.291896751322198
-7.291505399366831
-6.9914746970953106
-7.011884083645864
-7.4743372403191115
-7.980507727855358
-7.913300587084946
-7.654106684442774
-7.329126400392712
-7.115193910289005
-7.184900204529987
-7.393298708272653
-7.514515851876431
-7.732042579289121
-7.795873312739263
-7.498964530387201
-7.412839067775851
-7.417109478404678
-7.748623728731818
-8.498468925377836
-8.590053347759381
-8.680344051046166
-9.635592616589463
-8.910508349780034
-8.839075415821453
-8.307067811817863
-8.105808276094356
-8.005255257437126
-8.012321104060357
-7.69678669709678
-7.6489928722679865
-8.18737271113838
-8.6669687708358
-8.627446490128133
-8.25930417831258
-8.151327546339926
-8.493015804326534
-8.453382403004658
-8.024420182631395
-7.929805406450651
-8.196913378271754
-8.195484006896482
-7.685804952685554
-7.516388989770955
-7.293031310939439
-7.2382490392821115
-7.439571151774963
-7.594631126432476
-7.2605161208967255
-7.169428943662203
-7.168796030962295
-7.419839099254069
-7.746795162974646
-7.827402735417283
-7.602843810758736
-7.458590716628188
-7.172345478516569
-7.262191419016607
-7.272752186014367
-7.634386917900258
-7.874635808295114
-8.136887205125268
-7.655271045047846
-7.635989825827566
-7.615909767524439
-7.92654142300169
-8.422288263641125
-7.940171709372891
-8.302429719693814
-8.884747742252092
-8.925021816075363
-8.779028610247174
-8.717876324612448
-8.137876951818964
-7.742368847929371
-7.651056049789898
-7.968212549823362
-8.141321251120306
-8.0006564143819
-7.825777569227682
-7.578146050955878
-7.429881112321219
-7.245619148351758
-7.7572963285862375
-8.951333459923971
-7.57995553803603
-7.68259218607956
-8.018831331805371
-7.447993300210822
-7.276109081324953
-7.753179072407081
-8.001948854912772
-7.753650171156823
-7.411255729146747
-7.51229606765435
-8.106019539183434
-8.638325197057359
-8.450124899327976
-8.029294467430294
-7.64447161619992
-7.6316982692863355
-7.556219745516535
-7.6846357634611095
-7.54736948880906
-7.72077948058017
-7.886352554719121
-7.657023049062551
-7.770547186959979
-8.199472577123704
-7.807319359632898
-7.777312488390893
-8.26335911970837
-8.475877645175444
-7.908330954874774
-7.523709984557861
-7.306426561610487
-7.579036189498529
-7.764128229800711
-7.935901718078718
-7.9133766845399265
-8.036494525921187
-8.106096813573894
-8.757505853071383
-8.286594050271505
-7.520283340412703
-7.457880820168696
-7.764066220582775
-7.913388119459253
-9.2080031517352
-7.706267241799911
-7.789990243899931
-9.143319332241342
-7.987425780162561
-7.469662361323829
-7.486975697849893
-7.45164054957016
-7.386885100234743
-7.35314999189474
-7.57473432493079
-7.78201326926654
-7.5589715040675465
-7.60887581601597
-7.544594942179645
-7.773429482122917
-8.155086582273727
-7.543401967400286
-7.6468965870808825
-9.070766896370522
-7.883167799232315
-7.475037577548729
-7.563620569211478
-7.6297422035137386
-7.392801044464128
-7.456742725008879
-7.673273624821686
-8.081896303384603
-7.480666122513477
-7.549527686789322
-7.751520701570243
-8.05994887854665
-7.965459042308544
-7.881589415257646
-8.12168789864261
-8.549218044783872
-8.336482136693814
-8.234242713372174
-8.35079411862141
-7.942592686449327
-7.595853155222333
-7.49799955569798
-7.47091689227042
-7.662868687977326
-7.786547473897915
-7.436056191526145
-7.500948566993077
-7.7096279452673455
-7.74366231133538
-7.508051894875053
-7.2532523765242765
-7.165500561667712
-7.210902593926053
-7.508649435245974
-7.884564234530184
-7.635721566334183
-7.205242317911567
-6.6241865638922555
-6.357451530966757
-6.268741285472216
-6.138401262499674
-6.074538074981693
-6.028806809395301
-6.11508793395529
-6.337439815120311
-6.828111474843707
-7.785522215698103
-6.569853301457914
-6.0021414777222235
-5.685603155544099
-5.52119953780815
-5.448936076534855
-5.4015233390997635
-5.366216216670316
-5.341695221249653
-5.3402158732005445
-5.35071163210579
-5.3574098622102655
-5.418704505864616
-5.427100395949508
-5.5056511603283
-5.66714501648756
-5.993798811753846
-6.137469080928546
-6.063811608139895
-6.163999160524668
-6.289961430492555
-6.005892579987453
-6.100145777295662
-5.998132503573606
-6.000702581477148
-5.9016154720057745
-6.0419907465021065
-5.901676781905768
-5.911812911421135
-6.321356440499996
-6.163695172689653
-6.314377353367762
-6.557985013097243
-6.3416875626129645
-6.642587840574282
-6.990326726940787
-6.862935537419399
-7.067821291425014
-6.628834826161123
-6.53366290325497
-6.747161362722048
-6.846361257722707
-6.842814663045759
-6.943330724612636
-7.293778681146341
-7.454252649973029
-7.1833077382316555
-7.327506311372871
-7.927153837418007
-7.427092743992702
-7.618966750841492
-7.694438170960919
-7.553346721267894
-7.218289565530933
-7.164947721716206
-8.011401672172038
-8.299578098657507
-8.152961833169954
-7.909980909687444
-7.81260684075243
-7.972339939549921
-7.87752637028671
-7.6618839815495745
-7.574141314481738
-7.699939312058084
-7.632682288242312
-8.066689549504071
-7.993830916533743
-7.749697254247797
-8.385806220258969
-7.752195091706551
-7.257650075368938
-7.079158120968603
-7.000287041895997
-6.982783311099656
-7.260660862650094
-8.270568924974093
-8.121403956005903
-8.017671649103193
-7.525793056833517
-7.294938799776301
-7.626350918588758
-7.404081591635086
-7.256568471815095
-7.420691793598471
-7.309087276046614
-7.268594079958129
-7.075950525112855
-7.2276772317893965
-7.597312479933186
-7.776849790608214
-7.522041884149753
-7.291687316511275
-7.084065232717726
-7.077559368486139
-7.8469562107266375
-8.614459213183315
-7.920066251456482
-7.2676426533194025
-7.125942154842562
-7.362323337817076
-7.398202417926132
-7.296609133601456
-7.437939244435284
-7.787165705863546
-8.087170873295609
-8.341516225930434
-8.02719352256836
-7.982458474226208
-7.869243139268511
-8.271156304774324
-7.613713296601482
-7.292090262819492
-7.092374679613815
-7.080225329411558
-7.326274251786418
-7.641952039701368
-8.594023287003365
-8.618336146018525
-7.735211564465737
-7.516531747662814
-7.372328826951613
-7.18503111266902
-7.173181537273351
-7.663291168700203
-8.9131034077578
-10.235906657864247
-10.439558863384795
-9.427908181440547
-8.115400479339835
-7.537445803224868
-7.478559213095975
-7.60009140672551
-7.326588940406031
-7.074349354286099
-7.028237972360028
-7.236791630023527
-7.941074318538249
-8.348518432797636
-8.050012047464442
-8.344825742831606
-8.2235849214883
-8.292911555175694
-8.182381903128464
-8.323436987954851
-7.9155134411768024
-8.07787621376268
-8.03955555575689
-7.542789456052307
-7.5162356959199
-7.810767150824265
-7.777806806205952
-8.039823750614788
-8.276160886350562
-7.318301297523376
-7.048940528858883
-7.160229720987531
-7.129213125558645
-7.046531880036139
-7.092689973946736
-7.24175976093003
-7.706933822279947
-8.453792218549385
-8.303731516460124
-7.919403077084551
-8.246628150419859
-7.904318266731017
-7.568731103218814
-8.091557665073058
-7.5394823484064135
-7.325222949873024
-7.171568966891938
-7.093027741898206
-7.159728110085654
-7.647345138104823
-8.158825072188966
-7.919473165371476
-7.767380891217625
-7.792171368015839
-8.020356275598848
-8.170307712522398
-8.480047520578255
-9.337932257265026
-8.399851262126495
-7.990810429180755
-8.673473664614246
-8.380854904278095
-7.463710920416161
-7.251952293212566
-7.378614914865526
-7.590075492189468
-7.6728325815765714
-8.124430680061703
-8.963416692801152
-8.339275687358803
-7.65672866315046
-7.242868727483232
-7.330828103111229
-7.91517643471507
-8.053549761191965
-8.511625653828577
-7.806816360989328
-7.328168520059328
-7.37940959404157
-7.383746719403945
-7.478520049856103
-7.799076262871203
-7.827476874937874
-7.600827283478983
-7.724076258700601
-8.590358438805893
-7.943791378142142
-7.626687732993428
-7.569275960989261
-7.681141719506377
-8.356021979091803
-8.378291650344847
-7.6548705210805785
-7.537412471887124
-7.669317975331692
-9.252817775879484
-7.8818707058478905
-7.7581614099822955
-8.600892822206974
-8.949244304636549
-8.385008456046403
-8.507965831065308
-9.371745621399205
-8.36650749877932
-8.270377563005043
-7.949080718429843
-8.252457466937994
-8.52305898241902
-8.118505087877114
-7.423274514932785
-7.082355926473285
-7.164886869407673
-7.477885021020131
-7.6215449421451105
-7.7128022572523065
-7.72746636829407
-7.6160590073246786
-8.146563913265947
-8.568036121539055
-8.030631205294538
-7.640054396882885
-7.444636429476924
-7.836686826229954
-8.157204679987352
-7.559044784731851
-7.279331669261626
-7.477967711417384
-7.695521974250767
-7.847218503941578
-8.37893058683248
-10.22902987553854
-7.8222341779673465
-7.773027044370175
-8.21937949946842
-7.925557786955996
-7.870698761000461
-8.350077501433685
-7.593695121820386
-7.116764167338391
-6.927661424693704
-6.892206183674187
-7.240702035964779
-7.959786692711914
-7.990660928738439
-7.864819476169836
-8.105729298915486
-8.331076299860587
-8.403278383061979
-8.210259616808438
-9.278106021361488
-8.813125128065693
-7.997401474264584
-7.683827264910944
-7.65685248829133
-7.794709418908059
-8.99146270775367
-8.123094591361875
-8.376197270886932
-7.924165275038055
-7.420574173718671
-7.510633649182236
-7.3934703171733815
-7.008151956066958
-6.6846575030687845
-6.684276920145058
-6.992095119296256
-7.400792443080168
-7.31765170098221
-7.350197657036706
-7.260607589725373
-7.319865449836571
-7.778878199068669
-8.026553152492326
-7.837685755639832
-7.329759316421072
-7.3588677869659405
-7.3083279380411685
-7.655332921941924
-8.811444952836618
-8.304062511283496
-7.609555290833949
-7.612985988433145
-7.723901868715399
-7.697894795502997
-7.307848137866922
-7.288774201132973
-7.541094554582185
-7.915272561802308
-7.9329797510049165
-8.406100772422688
-8.097027745769537
-7.974501073141718
-7.935112787051203
-7.797404205337379
-8.079137260131848
-8.881026958702526
-8.03089467199524
-8.097922045407334
-10.581734972545247
-8.26363868434079
-8.305597253838947
-8.741543453824594
-8.730782670157236
-7.945585230189374
-7.798598786073881
-7.621767194040542
-7.257322735851793
-7.138378173115772
-6.946784548592789
-7.03598878485547
-7.496112962699404
-8.613468559650405
-8.28921995184599
-8.808925193764882
-9.387655914661714
-7.94297969180209
-7.427653228791513
-7.32615475773732
-7.4425000214805515
-7.507906344905406
-7.874207095193618
-7.885465355493242
-8.1965798517751
-9.462414374465855
-8.322291551715677
-8.103473831447266
-7.819043913036526
-7.365922561403203
-7.316737275408428
-7.278893346162757
-7.412199182299554
-7.378588671488371
-7.381458583645471
-7.238684163878706
-7.197931593560414
-7.364296442508486
-8.010395569293225
-7.436234391132695
-7.488725856956235
-7.769823418255817
-7.746368694220618
-7.803443101094477
-7.798548685849752
-7.455291012045249
-7.607954586984239
-7.592906436024802
-7.483704463779895
-7.92869425980891
-7.354931190942889
-7.380552273267349
-7.6074506719443065
-7.287135028644179
-6.978770333271871
-6.934943213235006
-7.024266047645928
-7.043198833460849
-6.795483250129238
-6.845926255402414
-6.860937873288239
-6.969042950007007
-7.097025673683308
-7.430883198542629
-8.396470642828932
-8.51633118463588
-8.467311077522394
-7.914862416291365
-8.233992122922595
-8.825485531474103
-8.095817707732142
-7.625370880446135
-7.56864400790807
-7.512728794153972
-7.653095285902371
-7.9654012969104375
-8.56980217600095
-7.9973483713416895
-7.962001392543576
-7.976968586590933
-7.918724887375031
-7.674767587657811
-7.979238011710261
-8.541580861260359
-8.694919781666107
-7.9983754755759255
-7.729866341531416
-7.743182186256739
-7.880500235913394
-7.794856141900225
-8.064721218532382
-7.719548957440226
-7.771974454968858
-9.997175227216688
-7.564411568568915
-7.1727116182661685
-7.178975345456128
-7.542812840583792
-7.817656161556204
-7.466549429652637
-7.197702970450811
-7.086121955753312
-7.013348269494206
-6.988189629691862
-7.218617572760188
-7.458016301163251
-7.257600024830721
-7.368408262347266
-7.95131708391793
-8.204350738621775
-8.350503032999676
-8.172521702094198
-7.92606791734311
-7.761320552958949
-7.283989645129225
-6.89053615017071
-6.76132374726753
-6.701025117086493
-6.730655189300315
-7.003203840516006
-7.176633588502082
-7.7310424723897135
-8.17279539796301
-7.264625571357388
-6.717338638416287
-6.43519405517349
-6.253797502263636
-6.138355378967327
-6.029489546157231
-5.943218060999825
-5.959707157501264
-6.043449177363293
-6.046063765367527
-5.902142017323895
-5.885970260414277
-6.008291412800826
-6.310999113573666
-6.527364984985046
-6.597969877148416
-6.436451641168187
-6.305974697457337
-6.480579329978282
-6.564333379569655
-6.46466205824695
-6.745040131434076
-6.965106913290513
-6.724333359437663
-6.651783617561095
-7.047228309759155
-6.6648414626252634
-6.660907781554671
-7.445193909048672
-6.928354038716324
-6.890224920690767
-7.585332850620996
-7.938980890817585
-8.002749401672451
-8.966369206392741
-8.284849410251407
-7.929375182001763
-7.356001034863529
-7.344224657220692
-7.7057919255921155
-9.227392212781353
-7.893501805940175
-7.690888374782357
-7.356177437754906
-7.135864094784309
-7.332754444732676
-8.039343937177831
-8.565590856846443
-8.82132433104415
-8.259867798478691
-7.555030135008257
-7.377175517634328
-7.512134972583106
-7.751165684419142
-7.793879219127653
-7.851170711203485
-7.486264219736231
-7.40832342815828
-7.448201210523016
-7.5935235126472485
-7.993440306359909
-8.31771754856327
-9.019548940982581
-9.07033269243724
-9.025141928700547
-8.331638565936721
-7.906337782919526
-7.681726274291365
-7.714443701447978
-7.68523569402432
-7.609627693296452
-7.497646712411728
-7.182496213484027
-7.136130232942735
-7.068850541642857
-7.304436290484949
-7.922835049131925
-7.954591109124647
-7.549198102682967
-7.772391552764564
-8.519043941494523
-8.875682698315677
-8.460669205216293
-8.795219982012094
-8.55744119744941
-7.676645046344954
-7.3679055631808685
-7.284789095711946
-7.16605491453406
-7.546692004493326
-8.384322698215248
-7.4652438714987035
-7.600394433377723
-7.189173322743988
-7.043558575373751
-7.576125121147709
-8.206113819323715
-8.798427985192102
-8.249876834007994
-7.492966012267997
-7.513929269770699
-7.945533784037342
-7.829513807632538
-7.639984073383764
-7.532190004461653
-7.695528966650205
-8.299839690655952
-9.301494459270716
-8.656705614434252
-8.25905392683631
-7.938823203086515
-8.029977505660327
-7.9422240724260575
-7.665475811014836
-7.633147413663141
-7.766043148258061
-8.05007646450604
-8.354762909871202
-7.6269086932008205
-7.397561483845059
-7.712853447286897
-8.779685887966194
-8.124662974536662
-7.672294332794125
-7.819858157254956
-7.914496754677626
-7.821578819663064
-7.68691051331333
-7.808872541287657
-8.350618001626383
-8.48411810848349
-7.464482127085235
-7.190365460365352
-7.485203930488838
-7.555688066099169
-7.363871262181725
-7.544209514419759
-8.288527227220255
-8.388554705853073
-7.804163407368295
-7.670677175946678
-7.940043769787756
-8.214719533458332
-8.226575923125509
-7.88690384804453
-7.573002456949118
-7.6963256817177355
-7.808535161981711
-8.04493601633972
-8.764225889323502
-8.031830839254514
-7.448028978673537
-7.334411324882019
-7.507739060545707
-7.489632801097852
-7.639319090283512
-8.048589708761897
-7.995399098526116
-8.039587776722215
-7.288744916839523
-6.811902974436496
-6.910936191542446
-7.105510688652836
-6.930683258910243
-6.934206456708535
-7.191589236627259
-7.615971206346994
-9.143846864229058
-7.98680359965075
-7.706527327233365
-7.327534579303876
-7.010002092712761
-7.158017379561969
-7.738171114736008
-7.836858299579332
-7.803571845439162
-7.753719261114566
-7.837082652822475
-7.92698321970219
-7.900419087216386
-7.846538042412386
-7.66868608437715
-7.544516014462925
-7.66741308575586
-7.378130322446527
-7.450652754078167
-7.5145724677037515
-8.109426275479827
-8.006552166617512
-7.535786584016054
-7.483655264472399
-7.41358520370759
-7.685402744651741
-7.7393840443106665
-7.302809472115744
-7.208149450546258
-7.198576678417695
-7.6935645651190105
-8.028611103331514
-7.562789817530018
-7.43401548724081
-7.403161933189092
-7.342381863878349
-7.3575073894097915
-7.593333416835845
-7.770303127936894
-7.7536274446016265
-7.221630778613804
-6.967414139693725
-7.077386137072419
-7.531693436045548
-8.566948328020963
-7.711907607517469
-7.461921574737588
-7.587588374716274
-7.599546306375937
-7.793440898033912
-7.913998168558648
-8.146014557306872
-7.936820681713957
-7.840198216343177
-8.106834399149047
-8.885686815084354
-9.004158744120051
-8.601765405909926
-9.16100550031982
-8.112209212411862
-7.64913736295371
-7.724881961621618
-7.836370671419615
-7.918343176647795
-7.926714964645573
-8.343065152522678
-9.031865646106954
-8.201306514659713
-7.894065157105183
-7.941520047809513
-7.912228728418519
-7.517506703137278
-7.746689439111455
-7.793570525435221
-7.584191606687797
-7.535822607093992
-7.280821098468182
-7.298556350792732
-7.597942463235777
-7.77354806416757
-7.455559387597598
-7.370898403395408
-8.053401547092268
-7.4410061471320175
-7.220622902364385
-7.298394534867554
-7.289100368105636
-7.209818022203696
-7.211743413966432
-7.306429589636165
-7.414799285096925
-7.378736275359576
-7.4057628260442
-7.703811367132729
-8.006123207688635
-8.465081280396285
-10.360028990419098
-8.277182518841915
-7.50056077892248
-7.2436090891975065
-7.448004266294134
-8.012253773905613
-7.794954917959341
-7.558252544613145
-7.7620463239821245
-8.749667957842071
-8.127809638506417
-7.588076700484973
-7.493537491889079
-7.584214468306847
-7.435004618979061
-7.282415411953028
-7.208888058785399
-7.417526904019993
-7.8052610992639275
-7.915758418112871
-7.516657646991046
-7.978147582563616
-7.47466829710168
-7.113726971859543
-7.1799925949979295
-7.819580879524376
-8.743513848595562
-8.198324319877164
-7.899526785939159
-8.073570055991308
-7.840964878420244
-7.719895680637296
-7.788738577850376
-8.130132290963896
-8.709724918858006
-8.09407518806619
-8.272875847431079
-7.709051480520899
-7.139424684337266
-7.139641598045553
-7.189799136728105
-7.7892145514405975
-8.574904631286206
-7.814683711306843
-7.613161990998594
-7.492431734634117
-8.029519870071905
-8.21651668445069
-7.357894209155964
-7.611464735495137
-7.7322735714755755
-7.368829644043522
-7.263781122687393
-7.121959983699873
-7.058262038644244
-7.315949139904898
-7.8468766358189495
-7.537628309830084
-7.018745363417047
-6.975863814205513
-7.1681034146984315
-7.419518639391425
-7.512662351083988
-7.601728978848913
-8.070388370998478
-8.101149366976626
-7.819738950603589
-8.210572362398134
-8.117144346314117
-7.676109584401439
-8.00737386716669
-8.054672652202392
-8.25042230069011
-8.09452240917206
-8.503888190109976
-8.825948366269335
-8.133394080992932
-8.368727476544679
-7.866755223931557
-7.316613597564273
-7.189328289825408
-7.632633549374731
-7.383890930611533
-7.146680481615728
-7.1610056469541865
-7.351645090346355
-8.910827218497328
-7.642228694956339
-7.3138847171020736
-7.188856601568754
-7.3742993275628885
-7.417130709838873
-7.228315997681192
-7.286299631941333
-7.45853690279989
-7.438686072746248
-7.792084468851468
-8.027389474981868
-7.945105645664502
-7.788740140956084
-7.400754201458029
-7.734796278104417
-7.671173423797283
-7.749041718562242
-8.935217700807272
-8.122931649560611
-9.561589565547074
-8.305185697660448
-7.313395444898931
-6.88927410834379
-6.9994633822426735
-7.4370203780286035
-7.63170005574097
-7.620999473110771
-8.607383990088652
-7.869977350615713
-7.429062000046706
-7.4060713412807715
-7.7167109630162445
-10.179977863751411
-7.734935967080132
-7.287346554794346
-7.10789800976204
-7.217099910923482
-7.5019685897240125
-7.643766861493964
-7.903459782118852
-8.38152404546451
-8.005836409867932
-7.834532791466799
-7.9546069898150495
-8.661877761246721
-7.828991728368742
-7.7029506238574825
-7.536829998676143
-7.367300491975053
-7.391023215427902
-7.6519011347044055
-7.629490261140484
-7.493869681994459
-7.328660824201344
-7.2102611260687794
-7.255105155145278
-7.173988857866838
-7.440973776411759
-8.11644744322296
-8.197677246716736
-7.413316368412012
-7.342472707365566
-7.469920954514984
-7.684475304753883
-7.470067166998598
-7.312879459628212
-7.774248682364228
-8.32691894324012
-7.445346614004089
-7.213676410978212
-7.209063683981632
-7.215573752440351
-7.241310317069753
-7.022259060813755
-6.861275450929554
-6.911355352757512
-7.306329629446064
-8.266607658341526
-10.266500723967198
-7.922990481623757
-7.6488723356951835
-7.452144447336459
-7.010128036746413
-6.958508444566737
-7.043781002728935
-7.124364434315524
-7.383722644055567
-7.825922777700341
-7.879483137379733
-7.3286981206473305
-7.059656763270239
-6.771926507732405
-6.456781947610316
-6.306415642740784
-6.170380242129593
-6.1876510005597565
-6.4360575964296824
-6.6464357029466505
-6.321678007312722
-6.070607305441412
-6.069953717114842
-6.352158764173988
-6.341475792830313
-5.941293639968432
-5.741534257751426
-5.6922365139042
-5.735052382116625
-5.967782215404069
-6.20043894581572
-6.2776913952134255
-6.377876097145427
-7.19872146816351
-7.120385734680502
-6.246775490071208
-6.528490619059
-6.9054320643863125
-6.605872474940076
-6.2193403996121495
-6.575031323360512
-6.549368171098921
-6.14305208082265
-6.831689099285724
-6.4484280924437405
-6.209285443354888
-7.0393880388801175
-7.37727044378542
-7.588669481308436
-7.291016114880259
-6.741051339334871
-7.031783135959849
-7.026566580284004
-7.20996201281809
-7.681835531853894
-7.036546735369807
-7.018199506212774
-7.059375936842975
-6.957208177723107
-6.995137975312929
-6.680304383546861
-6.801019129857123
-6.884652929141448
-6.740752790709588
-7.020438513689117
-7.792037903081481
-7.934394537225639
-7.773888628785393
-7.361012535359907
-7.152971245284155
-7.60803130232595
-8.54727897743989
-7.386014451756461
-7.06991679452046
-6.980021536167856
-6.877903282169221
-7.2657641977716585
-7.284757486170494
-7.070134670025775
-7.130803063101946
-7.2029447352578515
-7.960590945499058
-7.811707658415892
-7.415943889846784
-7.4859321441707785
-7.549241990903128
-7.462447262770352
-7.511897727145115
-8.458526369016754
-8.060949398823714
-7.31837803194328
-7.100406740592266
-7.290613308402362
-7.191377722430618
-7.202089448553165
-7.321668476878277
-7.44749864368385
-7.967743189485611
-8.497453466503664
-7.841225592429383
-7.344717944116717
-7.247036965172587
-7.468159673445551
-7.708022419014337
-7.6312745956219725
-7.7888093812888535
-8.013684030442068
-8.15242598048674
-8.170086332740624
-7.698715366997987
-7.781123520347862
-7.871770106004642
-8.3550548461396
-9.228799523015484
-8.138917551474366
-7.936871624339715
-7.749842648875179
-7.37366295738437
-7.225057982867729
-7.472498358856167
-7.385191216903084
-7.381343168240359
-7.671581363782813
-7.650880055717564
-7.662671006694078
-7.8389327355199265
-7.871160052662132
-7.9295677800841196
-8.296041214839523
-7.852689793150859
-7.582799411073427
-7.118305698332524
-6.942139853517296
-7.008354869313825
-7.043004483728264
-7.12224965552254
-7.1044388144405834
-7.580124660077199
-8.804440232410787
-8.560161087867186
-7.873398245157235
-7.591317477100282
-7.715094416735755
-7.938007630133168
-7.581305580164671
-7.80311032644977
-7.750331694429692
-7.4889960273647596
-7.255880708783422
-7.307835483286326
-7.440904602258534
-7.271029385224886
-7.22000808157412
-7.292895615718134
-7.580253887117368
-7.867399986223969
-7.454608716444705
-7.786445317901586
-7.30049108679765
-6.960815029032638
-6.895405842711861
-7.196643138558476
-8.000647053260122
-7.915157699434061
-8.601456896396483
-8.41579096862974
-7.2408455564012995
-6.9543306527714615
-6.93105864572324
-6.869078593092888
-7.116897198183874
-7.641387777127967
-9.358985759235278
-7.994875374391205
-8.044082751128746
-7.314790284960417
-7.008375130198954
-6.672022646298649
-6.76238735090647
-6.999945694602281
-7.195478788133748
-7.554530525252391
-7.711608954121821
-7.718630185118325
-7.846642280985878
-8.088035699332325
-8.175986753072744
-8.107931050128407
-8.297421670227918
-8.841024678996936
-8.352122331292716
-7.556008070080138
-7.576294629528231
-7.67424808912192
-7.359768800597686
-7.283836553219802
-7.560314024368967
-7.682258173520889
-7.445701223436158
-7.548917333455808
-7.699399729262588
-8.24516621738842
-7.8761806764227575
-8.139603091608517
-8.063410233432734
-7.4315692276007574
-7.215715728909942
-7.160456739552135
-7.320877875877835
-7.663907977734471
-7.840493846849806
-8.583551699772618
-8.066910264138647
-7.736254552928919
-8.005793538449593
-7.58095089200111
-7.469874107319643
-7.587939038207668
-7.3446126642256875
-7.340555329050329
-7.7650765342008325
-8.741977027231298
-7.462191762309743
-7.40961898233433
-7.399507367292849
-7.513674516702544
-7.658583532766965
-7.57034736322151
-7.399307649976495
-7.725019932447123
-8.809359828566757
-8.312200785782501
-7.7521291356558635
-7.676936338415868
-7.789411415636213
-9.173848191474773
-7.829370930084796
-7.805063550680923
-7.563016563594587
-7.523872305499305
-7.518026833395347
-7.552700832116388
-7.344816126510978
-7.167550798991103
-7.726349182807614
-8.337996027724731
-7.661279552403938
-7.882702492780263
-7.86722200654793
-8.059778042557452
-8.062028148603908
-8.01710604833908
-8.627779704275355
-8.422264676473931
-7.5244266180754
-7.381010526415768
-7.734650058598741
-7.443931995131704
-7.274911160875183
-7.337142432241834
-7.321106540476051
-7.222616250896545
-7.3311947361725
-7.648242312165273
-8.210551064848945
-7.671937491816562
-7.3814717393392435
-7.78219966696109
-8.146078157865801
-7.397028475933096
-7.239343765048696
-7.124068617199333
-7.014367214195876
-7.305442680145203
-7.914711981532564
-8.355464290103216
-8.009129211522472
-7.6160366365027095
-7.44958236665779
-7.693551322152334
-8.901765311108635
-7.4735472926819595
-7.241921899278259
-7.362806760571449
-7.437393208676338
-7.16360463007525
-7.278473970096199
-7.151642320880852
-6.917196221904024
-6.889620308079173
-7.0310230786075065
-7.035176120524834
-7.2126082673049625
-7.143518630228198
-7.314979410650489
-8.042132348326344
-7.822303554589244
-7.824142619908305
-7.292015988199041
-7.2516328051895025
-7.147376744112336
-6.858635295520898
-7.168709998908198
-7.154821677886474
-6.849897062960636
-6.886535054970352
-7.296985827277747
-7.69432997896253
-7.997946626054047
-8.204205242004885
-8.064243240160899
-7.676023426515352
-7.530840093629611
-7.607293114152931
-7.750515485753334
-7.691697870911288
-7.404276239789624
-7.209610849993247
-7.412525901449385
-7.9528010409643874
-8.483566655671257
-8.088604300699862
-7.404427315688446
-7.475529403946316
-7.781842358366479
-7.288276074669656
-7.424942400326867
-7.417855441743606
-7.391059885322491
-7.473228123120219
-7.4774501792952135
-7.562477520013735
-7.406545330839471
-7.285135532150887
-7.473933419906073
-7.512169188860072
-7.62098109497112
-7.566494641015782
-7.377243909691695
-7.318662626555867
-7.8246882290313184
-8.448918005770505
-7.412105176774627
-7.214324218220139
-7.211500281405057
-7.107730693959083
-7.2648711271397035
-7.109703706693625
-6.941821220874403
-6.956004364392588
-7.229495725812315
-7.551621906798878
-7.229210143815945
-6.966112655151076
-7.091019705449858
-8.234459356579748
-7.78232936701171
-7.511597362153402
-8.006829156566923
-8.119219136417719
-7.506892754703579
-7.386860500770062
-8.255810063169669
-8.261126665425051
-7.708067828152108
-7.751937710499487
-8.789839369987586
-7.842794655367242
-7.6579641420778755
-8.076749425124868
-7.8537089205435535
-8.214207929879457
-8.342783093027391
-7.77237905385618
-7.750695204187318
-8.528411992982225
-7.623216960896046
-7.247913958951187
-7.116311207172628
-7.349213128855952
-7.819796021617793
-7.634192553067451
-7.366044455338276
-7.363925138790324
-7.377387353138754
-7.367185485452665
-7.821658612860631
-8.03506715826666
-9.12545315054148
-7.8721742744925916
-7.363272791118093
-7.63790260472891
-8.383219474879084
-7.486032791241517
-7.0196074444661685
-6.9371399844806065
-6.855328178084246
-6.707239747349482
-6.801336205772168
-7.117449147808513
-7.437558700669701
-7.375716174500765
-7.244342321509809
-7.3692864964061835
-7.751546462412554
-7.186291237674338
-7.071263932740003
-7.233410975771771
-7.374244730896385
-7.888819111016122
-7.819682598701183
-7.661338763530962
-7.313824710055159
-7.304954915644731
-7.749027240357122
-9.403863556126147
-8.12107578872657
-7.612526598360798
-7.803790931318179
-8.345222679213038
-8.597426942645763
-7.805059874118165
-8.140294330532852
-8.77405598339473
-8.385354232899823
-7.801036586936111
-7.534663388697057
-7.756075534600861
-9.767586004940908
-8.0262236084433
-7.86944021160515
-7.62892153403523
-7.9453365040268205
-8.757276784646546
-7.649332686425218
-7.508193270798124
-7.550505360376132
-7.7476783606238016
-7.3902736792255705
-7.147419704946851
-6.932520419386091
-6.980566594022764
-7.269734497880588
-8.182458154112137
-8.617122709454417
-8.40434754569508
-7.629559622733952
-7.490645700446974
-7.567300660700518
-7.21945258872002
-7.106983399077007
-7.239906075614
-7.148159123615573
-6.822183568618556
-6.649676595198048
-6.762161943647537
-6.821112973904245
-7.046107313938044
-7.19842920451317
-6.876377921406786
-6.426680184051311
-6.101550032151432
-5.919284715855292
-5.890355584022522
-5.993005972672561
-6.189821670573507
-6.61324565200109
-7.0823052032279215
-6.332584004401321
-5.861503317041986
-5.737292990056187
-5.8267917035304695
-6.0340855239005595
-6.158020607221246
-6.204446989002172
-6.281712448729266
-6.793942131752158
-6.851809554857266
-6.357260053446978
-6.376666652449778
-7.628399876800955
-6.595680174413403
-6.872393552592037
-7.0959828567916565
-6.778990077038753
-6.197122995751301
-6.263108486505439
-6.451220386976737
-6.234506928594569
-6.63286467419954
-6.7079103906263455
-6.607443500536915
-7.138510317742302
-7.147706821667697
-7.040929875895892
-8.021479766650616
-7.5487756347596715
-7.55681449188285
-7.434637449412485
-7.395953886841611
-7.533158423050734
-6.889390823022585
-6.695857698897346
-6.869663316433372
-7.137773392079604
-7.7598173640563495
-8.474081320381357
-8.781717860179963
-8.975683732466221
-7.755639217900031
-6.9754983076563795
-6.704064779577608
-6.766338951989847
-6.821873968317264
-6.946213630632741
-7.15230273193527
-7.481067777629504
-8.219559277842325
-8.182819639145523
-7.817865281520617
-8.429639653565975
-7.507797945243606
-7.220713825904629
-7.471728563157681
-8.502823431278971
-7.4118927581920735
-7.328721578787028
-8.139802317837418
-7.273381492056079
-7.1626316559149865
-7.398115054877205
-7.147607064747184
-6.991426281735682
-7.299319723144843
-7.735859829196409
-7.680091809792485
-8.6719308501922
-7.378121431266881
-7.466922557851694
-7.30566378580946
-7.163043753839827
-7.34714749048556
-7.3534287066752215
-7.120423423971076
-7.248344642123596
-7.099511847941434
-6.835239624260214
-6.728440550533682
-6.674806302556629
-6.714688338996002
-6.851639133522338
-6.902530129859248
-7.005386718781987
-7.315446253864309
-7.04766846719265
-6.88861209664577
-7.143779806487944
-7.117497369054444
-7.326273218444397
-7.404286176211148
-7.603200424325167
-7.418396281976393
-7.400296136071535
-7.7896915082115274
-8.294177556937786
-8.016743991837433
-8.155763836821107
-7.947476714519097
-7.270201032342924
-7.077932137718369
-7.339628921521499
-7.568037362407702
-7.352058184629103
-7.129317239147913
-8.214008454802322
-7.587334009458952
-7.039589880521336
-6.875499828964474
-6.950728318312224
-7.489569259037997
-8.331815012440877
-8.438218853558652
-7.741862374425781
-7.880187696507876
-8.517081237888178
-7.8721064491966954
-7.241298345345368
-7.149867532065059
-7.50291540365774
-7.842677257000079
-7.676127820406408
-7.655591364770027
-8.175946119081429
-7.681584399694212
-7.514540601492022
-7.4202271442111165
-7.684590951797708
-7.576093001773813
-7.737327273834866
-7.658987201762672
-7.383325881879871
-7.415905226234247
-7.545269823989956
-7.97433211985276
-7.894932026575183
-7.779726972438217
-7.444645041419443
-6.984487367038711
-6.858144270572202
-6.786314499305147
-6.957367269988835
-7.0823027299507455
-7.317416327423145
-8.214440144406037
-8.215416233816663
-7.6401051667810584
-7.645104083238123
-7.8957209181485055
-7.636698392420002
-7.34009035637054
-7.341590605183888
-7.159865273499677
-7.102246700764805
-7.266164707535285
-7.798218262431925
-7.6809734885565195
-7.251225693839558
-7.5673223521288495
-9.219568614413436
-8.250905163389918
-8.344584971948938
-8.69936778719546
-8.507868946817144
-7.87670686004141
-7.636037169974692
-8.172495876801944
-7.9567266961227
-7.5064957719086385
-7.225805403581527
-7.3165908849225465
-7.372371551243091
-7.708766358706364
-7.365784393148617
-7.367024499839004
-6.906373046034281
-6.588950272744322
-6.626123106551393
-6.8962104989080695
-7.186415504781616
-7.262888141432797
-8.048593808510235
-8.255397131091321
-8.822198295827317
-7.557151587263125
-7.228425172624833
-7.343407419584942
-7.59267445943917
-7.300513116407275
-7.9466980774400895
-7.414462238192767
-7.354915444396289
-7.378907677533333
-7.365141650166228
-7.54031719732305
-7.720771699051128
-7.733309089708923
-7.818696366647644
-8.406321727649217
-7.911170300156034
-7.559546404890148
-7.630346071543564
-8.127316566846183
-7.808528952249956
-7.5491672500921005
-7.805086054603569
-7.757842671655012
-7.721438039685945
-8.251644959395822
-7.9209111518343285
-7.591172331198694
-7.68956266701704
-8.191256811269264
-8.72404546181643
-7.8242070234418515
-7.428958551283534
-7.437233620577998
-7.57942939024276
-8.329231450970193
-8.194106909689957
-7.613599711252785
-7.781444652603851
-9.239264852940195
-7.8540703474831455
-8.418712144067484
-7.864945125979709
-7.751140594356394
-7.969469269381898
-7.711711517360765
-7.65012473791751
-7.192517210489007
-7.224475401533777
-7.795662688226147
-7.591320634212694
-7.09670168394011
-7.019239046534656
-6.796585588652766
-6.745836339660728
-6.815375581773729
-6.964358401169511
-7.13233376078717
-6.9800582803143785
-7.125706092586346
-7.222187324753861
-7.139982119879106
-7.262992764996592
-7.471966336586457
-7.393409665655298
-7.549759484104336
-7.416500592686985
-7.4389121084338035
-7.063774101518224
-7.122202058031388
-7.267832537314369
-7.323124623822458
-7.410337125801949
-7.747154437854345
-8.140191802235913
-7.077710363756873
-7.075214481423153
-7.217534592174895
-7.247636653639862
-7.494994779641915
-9.361314422526947
-7.507509897559452
-7.089244746355582
-7.1525678280309615
-7.384289153619114
-7.373174115391223
-7.3728920746370035
-7.091683477124487
-7.004540652091006
-7.080380743840678
-6.984201917159395
-7.060407022890112
-7.656880178282464
-7.282093350092885
-7.322467218658705
-8.43276458535355
-7.141742318911852
-7.103258752457445
-7.2637499447522504
-7.208271238808192
-7.371277778493128
-7.574753572624409
-7.6031445774269315
-8.698321560668363
-7.812442458464752
-7.629072047354749
-8.068817313132664
-7.891688113298374
-7.896715936486567
-8.317464811082333
-8.479956210103337
-8.035407479256165
-7.745828316991685
-7.406067516950891
-7.450499052294803
-7.5654486124607745
-7.956464498572815
-8.304967843009019
-7.492192874764498
-7.0814070021178015
-7.14670844636174
-7.093919802602419
-7.197050731968286
-7.697014771938146
-8.473493111103794
-7.994874639487037
-7.398536474479726
-7.040230784124163
-6.865956726751898
-6.740225165005353
-6.88498072195704
-7.427720428478819
-7.330461952437915
-7.568789036995639
-7.643267457121607
-7.78017318734958
-7.616448784560949
-7.7237535700318665
-8.441912191510479
-8.477198877729926
-8.076312578854548
-7.802159714174837
-7.703279250552105
-8.403846391189983
-8.629148817959349
-7.777431454168
-7.752445773268385
-8.74869667969232
-8.927278044279813
-7.3748702084620845
-7.0959735311285055
-7.016310702128839
-7.0835823029137215
-7.771107327569729
-8.129215083730266
-8.302863568177246
-7.363799350361902
-7.084549231610707
-6.946146686213725
-6.832188407519581
-6.91452785499085
-6.976019699566921
-7.13712930779641
-7.196473615333621
-7.364983323727377
-7.532483393789175
-7.680889966823316
-7.83486859175359
-7.645421379699374
-7.604585221415511
-7.7554725407298
-7.978896392786863
-8.442237627749545
-7.470397579812082
-7.472100021087741
-7.15603182895021
-7.055472688323651
-7.037203203220548
-7.104064549292813
-7.575053229060626
-7.5233151511865675
-7.0826335848947455
-7.057347000567696
-7.268539899124071
-7.128985391162364
-7.37328736065518
-8.06998027340847
-8.023033208855837
-8.001621057305805
-8.377688561478479
-8.38088763260033
-8.036444068577733
-7.623808424975401
-8.042949079182566
-7.568024409383002
-7.245027700787338
-7.884859262050186
-8.86426175535993
-7.863606679709049
-7.851902727131123
-7.2773464900679175
-7.241574309097664
-7.913711169573053
-7.942106155715358
-7.535947969128259
-7.563665130659127
-7.186643873011892
-7.233583860868255
-7.525269239725795
-7.163366183907086
-7.06046677330671
-7.355750710457345
-7.964346346264818
-8.727077833487668
-8.300029767141414
-8.088202206292255
-7.883271952082819
-7.568303186327156
-7.534495525669387
-7.631425807235354
-8.431187192286135
-7.617005379992941
-7.609247849480641
-7.725021241707688
-8.380520900599787
-8.186148665232329
-7.131972068230574
-6.758175722466051
-6.703338767538939
-6.818608830780453
-6.924099319308525
-7.001697085359443
-7.170758379057805
-7.922847556643745
-9.325258197499712
-7.833293493202543
-7.6769415821956555
-7.828266686574905
-7.6824892895458845
-7.713870814678606
-7.745329570645039
-8.145530525934337
-7.726885290494977
-7.797204749208396
-7.531125703708794
-7.2346947291322445
-7.088034262021302
-7.0590717078519445
-7.207739638937103
-7.628696915664127
-8.230665358557854
-8.25896213343803
-7.68371423904767
-7.063356956238705
-6.719826245578534
-6.613507816644665
-6.610320051275424
-6.6982719318167865
-6.873731110527622
-7.197481095922667
-6.83427338369749
-6.595329638975517
-6.5556483923299345
-6.758908605386524
-7.243868862458889
-7.104948096134052
-6.963457792250634
-7.473389759221696
-7.755042215717942
-8.0040509184788
-7.3013234252979835
-7.3188380417643675
-7.065621891734041
-6.917065089945781
-7.7018704506057185
-7.497699243050572
-6.905055305121584
-6.989537406993122
-7.2541659429629
-7.417336580234354
-8.632988957142604
-8.766495623276143
-8.453648934448426
-8.099056262798756
-6.951498870677601
-6.80260306818103
-7.083131179420989
-7.000374594902038
-6.975541345785961
-7.5379707921400465
-8.381273960015758
-8.064418090818013
-8.036279993172656
-8.579725267976839
-7.925622584650907
-7.778887845429468
-8.07640959696884
-7.958336703933905
-7.492222607395996
-7.805747072222384
-8.425846862586825
-7.52903658047954
-7.440340735059482
-7.800456765555725
-7.3779558693298215
-7.147902178980698
-7.1316750173151915
-7.021121415994675
-7.091672962891129
-7.040944913370531
-6.948121020576428
-6.9486295165916205
-6.985520180427691
-6.9611826481008725
-7.167708899687528
-8.440461216207042
-7.397701431735956
-7.617718078643561
-7.601997855338036
-7.406928870898253
-7.517534299922659
-8.002810383578327
-8.071911848669378
-7.508525900192336
-7.435514180798219
-7.775198697324523
-7.8319578234707725
-7.687104492143166
-7.731253560056025
-7.51706529177483
-7.850625158568825
-7.820988454300434
-7.356572715258027
-7.663730682851754
-7.568666729482299
-7.441294798100976
-7.628186652050454
-7.352739731824143
-7.298348555744736
-7.223202208442326
-6.872046719156213
-6.859317725643116
-7.315806561335791
-8.091307410917038
-7.652540513607937
-7.204207559091581
-7.195293529856336
-7.353905807311411
-7.61192367954127
-7.821068102714202
-8.851212666105141
-8.14342559549434
-7.631017270258133
-7.511003706452352
-6.947476800570638
-6.731532515859823
-6.8116705204616235
-7.059563065208502
-7.649360555867831
-8.4725397113954255
-7.582298450394045
-7.462301152469411
-8.187204187743154
-8.613832280832957
-7.859116216516745
-7.871423022773693
-7.76624987865661
-7.300447815597305
-7.101603528025829
-7.303827314789257
-7.560268785689907
-7.488607748728453
-7.0620645864918385
-7.080123078727357
-7.673231540070625
-7.475302375725379
-7.683985023180504
-8.003375987969207
-8.323853472947125
-7.324842793001599
-7.342095092834277
-7.607197367637995
-8.825417506769552
-7.964976976678857
-7.665559636699471
-7.611436215452225
-8.010575829147424
-7.805931973870343
-7.5109649898156965
-7.520988509940933
-7.178324289291983
-7.1140333252491965
-7.591913865751493
-7.498745514613313
-7.790872260726464
-7.670255052966364
-7.106930411481842
-6.722369641409259
-6.552455908093096
-6.570895475253817
-6.916100514241977
-7.2851325236280475
-7.805238343936837
-8.290937448117251
-8.567248162033785
-8.842395896853457
-8.51498763931696
-8.490947824599745
-7.835161715248781
-7.228129328296364
-7.052940538495899
-6.849380226261748
-6.75146661390547
-6.966024739035928
-6.897542256237992
-7.10902009452004
-7.205753363576979
-7.194425608826561
-7.011541014107154
-7.4419113496795966
-8.315697704081607
-7.455598015971363
-7.84044348754664
-7.3363738487200445
-7.113700349549606
-7.520345217364416
-9.543663852674605
-8.408429723485549
-8.180791793936551
-8.143111889613907
-7.535436313149628
-7.427245903938787
-7.220172715105732
-7.152779231647257
-7.206831220853875
-7.639296232642296
-7.9067805098023785
-7.473118308836306
-7.633596270889042
-7.264244857469173
-6.918244339206415
-6.998204050753426
-6.95598542100043
-6.826750718806504
-6.822499474525531
-7.107678183742973
-7.052309481089678
-6.903097769637512
-6.790013747510561
-6.862399970828596
-7.474150031201823
-8.673499546358208
-7.600816160681483
-6.921431468667822
-6.679526851600678
-6.7853021044411
-6.786708708301009
-6.974268617090013
-8.225473935781439
-7.481428835879523
-7.181490599882435
-7.0362847563681665
-6.909197197356427
-7.040597925157012
-7.133227102265787
-7.165214400858155
-6.916716698171508
-7.072821306884804
-7.488065498950576
-7.334753334152651
-7.363209342510269
-7.135291459658482
-7.2363088717495065
-7.218563040724008
-7.051928247077548
-7.080441769100155
-7.079021580070394
-7.107314012385692
-7.250808932659387
-7.798866370812265
-7.190673915698129
-7.250506097983601
-7.756991700535289
-7.214567489168499
-7.637587204908736
-7.8699877853887665
-7.203797078935672
-7.018025339629123
-6.651807445938368
-6.556696784873291
-6.879189958432575
-9.522829477697663
-7.169401217459013
-7.0552484203357
-7.017335823887196
-6.991798559854222
-7.2804145374592295
-7.3395915058422005
-7.1276408436903145
-7.573402132092964
-7.481418793012254
-7.241190385746139
-6.938930394589509
-7.023354045442961
-7.3273389984034685
-8.054981954860054
-8.477147742376172
-7.506836458122274
-7.090984385533156
-7.667345671980064
-7.954695715903932
-7.046053433437591
-6.869984895831568
-7.32412760449416
-8.867656799019448
-7.789827231424948
-7.062913959437989
-6.574671442974432
-6.384031720106909
-6.409315672760693
-6.6308229308031
-6.515035311871839
-6.6626567869923745
-6.699672817796078
-6.424947568719916
-6.368032768979799
-6.524452047544027
-6.873544143003274
-7.667760108978177
-7.716345463207001
-7.728011844473957
-9.185939470473304
-7.6398322079358385
-7.305456054211169
-7.040861445364815
-7.199398081294872
-7.0729381236645805
-6.868639592037029
-7.03185530528732
-7.8316676574608195
-7.761886800834034
-7.229740851299409
-7.029283093235336
-7.269652647687065
-7.04000271380535
-6.817082406795977
-6.938010784025965
-7.0823309250463335
-7.059438970659304
-7.149587917529432
-7.349739952169086
-7.600507129711925
-7.84272702828631
-7.958980207034238
-7.102671779104644
-7.0133070089865885
-7.464480245314612
-7.357847149588757
-7.3752446590878025
-7.780873498431077
-8.05002494773675
-7.953436279269391
-8.507504876660906
-8.124494557445242
-7.949284827716472
-8.38835714740471
-7.5133802239855445
-7.082716588969545
-6.858546198510461
-6.844456907563167
-7.09937173472042
-7.338033516342996
-7.819725823736961
-8.368282116970951
-8.326656812367407
-7.708099167904474
-8.108449909624055
-7.104304135190774
-7.068517453578195
-7.132150945617563
-7.374531152013437
-7.684021115058754
-8.657470431140561
-8.104537076807627
-7.5655602978772505
-7.919163424331747
-8.241370036909949
-7.400280804014035
-7.310289976508189
-8.05494683971523
-7.318984460216703
-6.976410620691769
-7.00030915973166
-7.062616480309928
-7.690863464488457
-7.7770955563524495
-7.568792189063303
-6.9593485911402935
-6.8398428946812055
-7.039345961619841
-7.407137250432519
-7.237475912808737
-7.133240327507774
-7.207654044901349
-7.204861330746904
-7.0521546908943025
-7.133223040874518
-7.752103346406557
-7.925660148462861
-7.6603827680052685
-7.855755438718447
-7.5790086089656885
-7.853843655827791
-9.061831190394267
-9.218154309520811
-7.751982741149273
-7.130606599778784
-7.036041533172783
-7.117040440954518
-6.938454952620281
-7.004049431081279
-7.6576428338416385
-8.26566262365768
-7.937705348579663
-7.4255657550665015
-7.5258175845967274
-7.45013772459991
-7.10346606693033
-7.626539715163224
-7.137692215871364
-7.083563204942642
-7.190007467253163
-7.041070362545727
-7.301533058584085
-7.3600048639361875
-6.70723418154511
-6.524507219154514
-6.6580434767090795
-6.7469969663577745
-7.258588711411568
-7.774681719644829
-8.942975494785765
-8.284900742152423
-7.257465570370306
-7.288687297875736
-7.298955649150489
-7.16749078969043
-7.087231524175838
-7.150770472190249
-7.127389844381563
-7.137000579464654
-7.146466573175796
-6.989081030579923
-7.007839227396672
-7.437573714190627
-9.119080284837638
-7.917389476670486
-8.10416452688179
-7.9592759912514
-7.866582259020264
-7.606057911931707
-7.39685752319887
-7.127917378865993
-6.862527759035897
-6.632358234750877
-6.695343241347288
-6.970212745063128
-7.163088917137193
-7.551892579729032
-7.678460468975274
-8.959028166363616
-8.268556439015144
-7.410315565238349
-7.129398422400587
-7.092884981953433
-7.034890069617573
-7.078178984704024
-7.041397701540535
-7.127103565284294
-7.448114688561247
-8.084656493294183
-7.655365664391933
-8.35865743743488
-7.863953285232985
-7.1699309137285345
-7.116749442827455
-7.174564202029952
-7.19162835666241
-7.196424582039591
-6.756670456412725
-6.422549696841383
-6.3790774672792505
-6.45229534785717
-6.553349575501382
-6.872591477386505
-7.599914632438293
-7.5277389881460985
-6.612996697603708
-6.186661022890891
-6.010749685623756
-6.047017831743874
-6.287802299215839
-6.793036059993771
-7.25047556790445
-6.664729973038519
-6.474504007842403
-6.496936510068345
-6.649800666235802
-7.028827926259175
-7.066729870558766
-7.058351940671153
-7.1947042263151415
-7.7078532669502
-8.0746400781183425
-8.957324031459702
-7.405630537368341
-6.477634509396888
-6.855065934993044
-6.859005177825747
-6.9695263577372035
-6.709468558681501
-6.9129557245338855
-7.597962086505618
-6.708924678164139
-7.219541040885077
-7.549516076148211
-7.197077380053259
-7.808101963426832
-6.8943117807779455
-7.207321937890856
-8.256561221610262
-7.270495943685837
-7.5845067158998845
-8.355846235294148
-8.26795658690774
-7.6464224180744695
-7.597835440665028
-8.549296552905219
-7.1438860027223985
-6.982238151890358
-6.853529349205646
-6.746373791242219
-6.7306364309856095
-6.662657433931603
-6.86761823326035
-6.863628324842558
-6.538702167067765
-6.553558133853547
-6.75276477832584
-6.814825877191551
-6.9515938736157405
-7.340082040859831
-7.291278772266415
-8.037676108912093
-7.93624344094662
-7.5653658384321
-7.701716373498669
-7.571157804991301
-7.497880877388429
-7.408248346532653
-7.2346106468540325
-6.907061682900189
-7.039514610707689
-7.126897208076869
-6.8273228192982245
-6.991309372052322
-7.629148655584202
-7.66326080686037
-8.44837917819724
-8.504745302603984
-8.128392337314231
-7.328842997934574
-7.530318989990601
-7.444621724829249
-7.680317711605328
-8.11810141515039
-7.726790292975917
-7.958707042228126
-7.919589720453305
-7.634651864220765
-7.493825254304264
-7.577705397652808
-7.44662287772512
-7.380784946356556
-7.546098478621091
-8.57236888286312
-7.594923252590151
-7.248491532637075
-7.189742456342318
-7.165390713766953
-7.215707956407886
-7.254100284390462
-7.398762968392829
-7.195543265181789
-7.6957801570037825
-7.598323203854152
-6.955707776505487
-6.692524619438195
-7.105294179883146
-8.180904912648446
-7.262477483908535
-7.332684057268553
-8.118785241982847
-7.2332527995457605
-7.0822537928851785
-7.44273510283163
-7.327157978361848
-7.4614595557404
-7.709963476367107
-8.019682703113004
-7.777045382953428
-7.421518700165632
-7.225086616873977
-7.417965717887802
-8.106009166245931
-8.465122854827392
-7.705344941313558
-7.151509296013598
-6.961007355612485
-6.997298445814257
-6.781195897999467
-6.919885247773336
-7.450898279608874
-8.909864531318883
-9.494481633490064
-8.032551230332977
-8.099129473592303
-8.330711927331603
-7.636880159457309
-7.846545208264112
-8.215737552989527
-7.2951650585329375
-7.1479409340788065
-7.4683029646347885
-7.12485592510736
-6.903216555941402
-7.0831453346159226
-7.703481190099971
-7.533478675812084
-7.382348704529972
-7.147416485878034
-6.886397498525005
-6.828367435002552
-7.167989132607735
-8.078386271549899
-8.444077552708983
-7.648415637109363
-7.305154761029842
-7.311900333333359
-6.983527773523919
-6.845150025293655
-6.929471427578735
-7.062203585186554
-7.508163790311157
-7.605881811418954
-7.0265456884430915
-7.006899305233614
-7.1373830434259045
-7.626043698273242
-7.879825093279191
-7.139128598385806
-7.045553167831248
-7.247087586855682
-7.057146110460188
-7.122254019749945
-7.7405548679118175
-7.243119874442054
-7.025627263715964
-6.780221702481069
-6.7835218298558
-6.681803379431247
-6.560601576905947
-6.801408039357458
-7.48468082910482
-7.165346169099867
-6.850555062894439
-6.94995098549852
-7.462432899418043
-7.787122939741481
-7.330904568808324
-7.484098043709465
-7.423532506397647
-7.918236734309045
-7.454847136421515
-6.84362001550074
-6.894682712346065
-7.119350375753142
-7.499915866400574
-7.042610944524193
-6.958758014190686
-7.181207414348856
-7.512103467083486
-8.096073285769322
-7.519482912466128
-7.144733231978587
-7.230568034886246
-7.412523359708376
-7.982462279814927
-7.691819950762739
-7.572274307980368
-7.822308218923496
-7.586792835671052
-8.024696812077632
-8.004620868542503
-7.37720300593804
-6.995549697623741
-7.246662447285605
-7.747470158633963
-8.168842186850583
-7.832186937431472
-8.284066478885746
-7.6493413437099465
-6.870627821646949
-6.671044836375175
-6.845383115154779
-7.539752395012768
-7.414349161782859
-6.880944360825623
-6.746479405017512
-6.905384646774529
-7.567108705862085
-7.906501820060854
-7.8410448442190495
-7.848065149098416
-7.426677058210711
-7.216110361549407
-7.120798410496014
-7.244503154839099
-7.34846199229193
-7.975090494568623
-10.024924716267217
-8.962052246703546
-7.97236484843896
-7.845322191610007
-7.220343193595684
-6.849941198222157
-6.976730211951656
-7.184137554855706
-6.939357770517661
-6.7074491367546765
-6.881195417613754
-7.080524617319158
-7.015326974509346
-6.881942884619788
-6.969365792706389
-7.010246128783146
-6.952734444009148
-6.987498023182866
-7.030210749599989
-7.649851304741314
-8.120148455256505
-8.224484871544105
-7.486328125541431
-7.3796703831171815
-7.448738728933465
-6.91089820000788
-6.925826823972646
-7.702706246850534
-8.037437423854463
-8.6474751008322
-7.599814399526136
-7.339473598897755
-7.67362944965084
-7.714344583832378
-7.058036793261911
-6.9614127640103804
-7.225753499512646
-7.5525757395197655
-7.673772508955966
-7.883850222551841
-7.408648357891884
-7.316850827655524
-7.71242703627461
-8.814647302183513
-7.574436610012602
-7.048066471923282
-7.371451931353206
-7.4601385013511825
-8.218430243386775
-8.116518425494137
-7.685277528935663
-7.807483515269891
-7.720295095845596
-7.353715015279068
-7.346109023569501
-7.470790652871704
-8.054622660655989
-8.157802152535835
-7.8214014905469105
-8.123429628759851
-7.754954117005375
-6.990405798375152
-6.925745001403204
-7.498374465001252
-8.05880331475166
-9.145402272114177
-7.830715200788561
-8.972456551588246
-7.183809644652737
-6.957458971793848
-7.075501857371962
-7.222953355609499
-7.7997004347712275
-7.551845285565035
-6.994763773340004
-7.039258760929182
-8.041563010128646
-7.446958619596603
-6.990921544432385
-6.700555222548644
-6.884506048393599
-6.946181134584889
-6.940181454833881
-7.265069145172861
-7.658839655115112
-8.077552859357235
-7.061833631816826
-6.924884633896762
-7.2894545865562215
-8.131847855233234
-7.668091590698957
-7.327489372270235
-7.360213719812614
-6.999254251950218
-6.769608821771309
-6.752954648241928
-6.911844611280887
-7.113951326712729
-7.197310049302869
-7.292796901294717
-7.5932585185564525
-7.270827690890248
-6.913493561808815
-6.876511200767027
-7.095789412698497
-7.613397950265126
-7.450769765849822
-7.352567739930067
-7.83162328540581
-8.535925687726307
-8.153249186266642
-8.221779488707131
-10.36056178671916
-8.786162066149615
-8.589448075986446
-8.167576525754434
-7.856232996329061
-7.826543219050715
-7.690989889966652
-7.322850059591727
-7.3197410038134825
-7.932993460939659
-8.43967605435844
-8.55141204917137
-8.924776458992417
-8.285055714074963
-7.715291979305456
-7.672866249902921
-7.526016137810802
-7.500150625110469
-7.893619092693584
-8.050065810823885
-7.923139821917326
-7.980227023614588
-8.546348497781873
-9.204443563218208
-8.277169932238278
-7.388946088571987
-7.280035449696143
-7.34429665589041
-7.2231269809122205
-7.677182341394744
-8.130501958141867
-8.05549930301678
-7.4042177745827
-7.022609371844004
-7.070517775784434
-6.964105777217376
-6.905637834558193
-7.2243100609908115
-7.358232532681
-7.110222399638716
-7.080363439492334
-6.846843153733007
-7.194338521383736
-7.718812687914759
-7.830983485234806
-7.5638059315072095
-7.4898624817231605
-6.972878256555367
-6.769467797886909
-6.863085946071578
-7.048809436215613
-7.396531212272774
-7.345712067592356
-7.220522892120278
-7.620667289885993
-8.2709583905647
-9.049581511607183
-7.937975295640963
-8.02458146638365
-8.792378033729625
-7.64868345722607
-7.717233076485336
-7.181901054181466
-7.0116187891341255
-6.885663976013316
-6.7332033516649545
-6.94190017641984
-7.608796495267638
-7.560871039458516
-7.377812615843863
-7.42431103644737
-8.258015291327164
-7.139721387644908
-6.917764732811231
-6.794941168530835
-6.932114974575139
-6.882496958276142
-6.700654830349873
-6.621616169088446
-6.6866891209263475
-6.755343968117121
-6.833679775871933
-7.241591166419096
-7.590766558732044
-8.30403302921583
-8.1260600880167555
-7.469909885223552
-7.460918044644605
-6.877413706883704
-6.542731497094979
-6.383758776691614
-6.2338907293681265
-6.214363710811874
-6.384531255219935
-7.060199509714449
-7.6939165691081834
-6.505514813417226
-6.065147973584426
-5.794724897474035
-5.681315836481283
-5.703539587589603
-5.804891691915893
-5.886360794434952
-5.950807060843773
-5.882278484098217
-5.635847993638757
-5.510815688777288
-5.465645592617899
-5.465838984935096
-5.642225659177389
-5.882304512567832
-5.9003707419853
-5.910690318066473
-6.310512313091274
-6.284894420966668
-5.827318271816122
-5.722306860454913
-5.758311292506619
-5.985020519571946
-5.503713107985937
-5.68116427494967
-5.74577939232554
-5.894717938070981
-5.673321230427827
-5.950762603883036
-6.003201342770932
-5.7330145923265
-6.144849368781413
-5.988054205251999
-5.936274859688302
-6.253642188062883
-6.091967875245034
-6.17220357144124
-6.535282286480793
-6.260961053928876
-6.552623967492466
-6.666021391013477
-6.3878541796491
-6.568975401225414
-6.7929422084549556
-7.1915617193068915
-7.613839288043657
-7.025343769155512
-7.233734342856241
-6.97327836507668
-7.055417704476712
-8.448917553695988
-7.222179422371175
-6.7110059224697824
-6.641629781059123
-6.931493151542675
-7.46435117096839
-8.279331352658897
-7.540642073251505
-7.330908498431257
-7.714908432688438
-8.293754244636126
-7.377200803067594
-7.051069323834019
-6.8931946174794545
-6.936508959857948
-6.925104291226281
-7.0627303934074765
-7.150918537392593
-7.390491192657844
-7.866347893917693
-7.949245954008599
-7.755585517928438
-7.796926431310133
-8.14427047825175
-8.215559211753012
-7.793154705295397
-7.695080898047937
-8.258090685398393
-8.603259259525608
-7.887612189941645
-7.420140130296148
-7.106392340091697
-7.110708155505906
-6.877044488418334
-6.766456767520436
-6.890839055503059
-7.143672154947802
-7.218070025162678
-7.29424871208759
-7.2748753895346585
-7.5127532936376165
-7.753192801642868
-8.061485423766545
-8.573235094245398
-7.814036694407425
-7.414129509281551
-7.1541254952103985
-6.994464701302906
-7.167177906780566
-7.019157496800399
-7.136054116888688
-7.911380072231438
-7.261638909413239
-6.964316083434446
-6.6979715089685685
-6.77782160740152
-7.309620506168296
-7.439910278068746
-7.116497647220388
-7.275577504082877
-7.755630638852907
-7.624476164388781
-7.651001812098709
-8.43288672932921
-8.745502395100964
-7.652784765748847
-7.344066838267638
-7.271152600784879
-7.380759898648609
-7.342794272869454
-7.174428919483466
-7.163039477013918
-7.373410914835763
-8.664738392737076
-7.686448195888738
-7.724036913699894
-8.365409538749313
-8.132825092782635
-7.457352616746259
-7.210092587384984
-6.914953102580292
-6.848938106477208
-6.888450314104392
-6.72647446832395
-6.666423988152947
-6.881252827183113
-7.417471226513916
-7.330954539307363
-7.670288018613234
-8.174748382292245
-7.670806040949146
-7.330436526788328
-7.470335474876671
-7.660891881505478
-8.605287389903726
-7.61609384624995
-6.958583890708587
-6.832759360314685
-6.934699250130017
-6.8720546354430585
-6.869940646403773
-7.241546941975534
-7.732371200391589
-8.658857359294528
-7.885088456117531
-7.322535462184512
-7.279303562286445
-7.9531149430687105
-8.063406215322646
-7.577702640219728
-7.5474413944251
-7.878941336465655
-7.439627974480687
-7.011462389437894
-7.003257042316935
-7.052318301490581
-7.114228592479314
-6.812464194666471
-6.779113386066374
-6.774051353505386
-6.899319880573071
-6.841862865395636
-6.8195167289922995
-7.078452661314651
-7.0179910195331185
-6.945668925581664
-7.229181040223401
-7.691967181818062
-7.929159968983765
-8.272942360190285
-7.695387782239155
-7.44010406753569
-7.675462462132688
-8.143168216589608
-8.146089392611671
-8.003890120357166
-8.707044988386391
-8.41507360188651
-8.09476462651682
-8.64671543094162
-7.553795675389781
-7.079204084098911
-7.107067797183286
-7.495027126924997
-7.930890169706599
-7.244095374678407
-7.064610632943377
-7.034176518277566
-7.344784737338963
-8.03267279219154
-8.187011697927222
-9.043245163878991
-7.979636213197931
-7.757552937314894
-8.182696474477865
-8.502860737018802
-8.436550050948489
-8.039814406022714
-7.9492503926047435
-8.313376494530855
-7.832497951143375
-7.3575865580621045
-7.231650177584215
-7.098208864298408
-7.147098295020806
-7.584780257790629
-7.4774829639607825
-7.71135966228043
-8.761842086584513
-8.710023876108416
-7.272056061787639
-6.7422839552526925
-6.821191292239362
-6.871345131088856
-7.150775653188363
-8.25751413181725
-7.095654988720678
-7.105037530180024
-7.531901657437302
-7.211663217646229
-6.798798120194033
-6.6805001852469434
-6.7178312262721445
-7.036319523604298
-7.300766424778386
-7.125093889019073
-7.102343190639997
-7.11308205579971
-6.9318748108161925
-6.876346473453202
-6.732632370190962
-6.698502595939372
-7.104570401206831
-7.166787983859473
-7.048020212129917
-7.039603317174987
-7.450410486664036
-7.897557216259094
-8.073035906396447
-7.847123357857171
-7.85371774351426
-8.42500355509756
-8.33105060148146
-6.999605336905294
-6.635410021008522
-6.660132185635545
-6.779181641685968
-7.175939049780675
-7.557037768949176
-7.953731381882327
-8.891810608040775
-7.8718845363582854
-7.72839775559002
-8.023731330622063
-7.7406747902530695
-8.374507389190548
-7.979764547199564
-7.897391374672823
-7.221810180215373
-6.683670338894833
-6.7851485592202625
-6.920271332436329
-6.797269262981199
-6.762437499818861
-6.820442613684281
-6.810238264701141
-6.854643612576385
-6.941002495998035
-7.254931809735511
-8.301834000301334
-7.1242496078109205
-6.775280020905169
-6.920390710666686
-7.492114838335223
-8.253787015588378
-7.484254648357661
-7.386799699549463
-7.574083989805155
-8.052435086814118
-7.549817078953114
-7.586781447578435
-7.243272800695235
-7.108084234605607
-7.680425645678167
-8.373999099168733
-7.400875696901747
-6.924829166753792
-6.852519397531821
-7.082493799174488
-7.525362180616732
-7.244606193822751
-7.223605792390697
-7.4719214673204615
-7.329936433512933
-7.719089820794661
-7.992052514578695
-7.353623955894153
-7.877463424830045
-8.060914895059408
-7.654733476009576
-7.1947994858473505
-6.970499005987932
-6.781644689354097
-6.943626322937765
-7.61146293447609
-7.631416815838619
-7.247341201351322
-7.147549562164747
-7.352073069010882
-7.268510958758113
-7.31918931536472
-7.175525948248748
-7.63041014205212
-7.989050730541615
-7.189513547728221
-7.09471057959049
-7.133104919508161
-6.823442399397439
-6.656383961264292
-6.697174088349327
-7.069295434908962
-7.400016421805952
-7.520224955191435
-7.113079321281816
-7.096150719750646
-7.370487378133361
-8.080287922325196
-8.197949053316739
-7.5185556892018575
-7.796869854315205
-7.693553870736881
-7.934532235036915
-8.838512623021867
-7.7964757474486195
-7.3484825818219335
-7.437553256227501
-7.716458313727259
-7.706657339980068
-7.971305289116975
-8.330909104711386
-8.030488676382266
-7.956531133621247
-8.35067330042839
-7.899433099578915
-8.29191934090112
-9.220328834731923
-7.918252351567262
-7.485015195471766
-7.594052651583765
-7.917722107890164
-7.498657510961283
-7.22586281376882
-7.41249347541714
-7.741399426534796
-7.520979048630862
-7.553908663563944
-7.7068838496290555
-7.230150100685565
-7.261383864333903
-8.500324706513462
-7.59191346043682
-7.130202299168721
-6.682622688477395
-7.08069389127188
-7.200631668420177
-6.884305863099434
-6.872178338925101
-6.61904639758158
-6.465418951823926
-6.7951987796937035
-6.756594389131248
-6.6424007384738095
-6.830729694475742
-6.868381666217776
-6.866913073700668
-6.681202955738812
-6.599017968468861
-6.6112718586737165
-6.756194638345989
-7.058888996717827
-7.355161017787804
-6.955156099570442
-7.019639873000948
-7.654470925203954
-8.22786228072244
-7.785480284689442
-7.566554279755734
-7.034260270855997
-6.977281245024116
-7.320504736850491
-7.739793646349704
-8.908665276284381
-7.601958740849186
-7.223008769439985
-6.863682613403931
-6.916157890865033
-7.180064472635111
-7.473127670073418
-7.382902678116162
-7.380858778569319
-7.208697310192409
-7.2668570015984075
-7.657490161012741
-8.293299884556227
-6.95337618795382
-6.815952157591714
-7.07898399752103
-7.074105786882442
-7.11557455873705
-7.4657612500811705
-7.795023924260476
-7.379509723007542
-7.34149095739463
-7.497299755725424
-7.466454387988802
-7.315540353545792
-7.235549341528772
-7.254927812839405
-7.283188629924532
-7.782414268264413
-7.922289875695516
-7.3029765772457464
-7.173610737722982
-7.254290576984271
-7.680594742125499
-8.02532652129195
-8.284815561903226
-8.016095879632951
-7.961076802647741
-7.450697511350401
-7.03449604444915
-6.801992706701546
-6.6120733513678625
-6.445076269029867
-6.446857361643429
-6.620748200477863
-6.7698765725041845
-6.680076692791133
-6.409015258953236
-6.30823642516479
-6.360919846350352
-6.527136469898114
-6.833126088081195
-6.6376967813583505
-6.490368919369854
-6.38226280514426
-6.437634787778557
-6.561539853878995
-6.7149822811645965
-6.653377649225071
-6.6476440359603215
-6.696896713576541
-7.105810053025398
-7.844883842683619
-7.757907373343609
-7.597871121152142
-7.214477419457001
-8.030836547319607
-7.824531499369507
-7.765415297552494
-7.690286535587979
-8.820442666458609
-7.420265501620137
-7.244659992514165
-8.037549980853408
-7.432631184214101
-6.955588244338578
-7.014491668466492
-7.890284422542786
-8.540354657983878
-8.340399389406391
-8.062860143810948
-7.581930344225464
-7.227047517540743
-7.609361440776294
-9.576720743586662
-7.972121145261623
-7.262000424338319
-6.924212279662202
-6.929189252018821
-7.011119915439946
-7.006039194649276
-7.059857142470954
-7.4101818100601085
-7.692527217793435
-7.536292003890342
-7.430305952433313
-7.2362661847218055
-7.277859744092087
-7.245465393267301
-7.313826946402208
-7.330816661714859
-7.601987301554674
-7.727631379359046
-7.402623479835736
-7.153296917521241
-7.133685752317947
-7.102628381662887
-7.070396396571375
-7.762052587310951
-7.521649731001445
-6.838895447628386
-6.589716605889455
-6.480617978071886
-6.4190178729636465
-6.429273655733447
-6.534089297414293
-6.911494415142992
-7.1939751690679214
-7.205967058016658
-7.780475137863354
-8.056550729367533
-7.277300386679606
-6.952385308424347
-6.640770298206222
-6.6553813690621615
-6.564957315036179
-6.717410611783452
-7.115516423218139
-7.579633950524585
-7.408587311897331
-8.183935856735536
-8.157199815001741
-7.763880388351569
-7.835704613101824
-7.270584553558459
-7.161941683031593
-7.218290072064351
-7.617008810126089
-7.715012222112137
-6.870679419353912
-6.833873021474996
-6.621408337406386
-6.565813397165613
-6.583970332773808
-6.824181536840967
-7.499813184766259
-7.406835225860277
-7.494862758756878
-7.887103483814511
-8.038269011047639
-7.546243197555361
-7.6031125731857
-8.591834413209389
-8.489101551817415
-8.798508442208519
-7.572262398276282
-7.293199970431551
-7.3191595517680925
-7.719207977001212
-7.342883493833946
-7.402903096921975
-7.012302058804974
-7.049898084401092
-7.221770832496338
-7.168651782794556
-6.698146293140921
-6.751296845745975
-7.281637756073599
-7.811648314351212
-7.733556052202479
-8.09958680580205
-7.258855329028489
-6.64580561982761
-6.587635905789594
-6.6967291773156505
-6.858664873132661
-7.014485216077708
-7.839830580324863
-7.11442446027711
-6.950227029620305
-6.842998986735058
-6.899846333052175
-6.867271655287907
-7.113348197940112
-6.760950355788644
-6.745601054515912
-6.866706676137757
-6.793883444503908
-7.099449123018673
-7.417680344295698
-7.9598024002856285
-7.983115600666692
-7.603255631685158
-7.101737802327424
-6.7340403430533495
-6.585163313156579
-6.641189641978404
-6.82381365677012
-7.549424731179996
-7.094450313363331
-7.162101137977506
-7.55337484757352
-7.097515996805137
-7.349284063315567
-8.1334476518171
-7.612000960313359
-7.417968130999513
-7.2228285018725735
-7.200278766451006
-7.038920178162626
-7.0643607125551915
-7.42729643339358
-7.071685000202071
-7.155938408812301
-6.8643581262158095
-6.702262718591116
-6.831323071879519
-6.697346914836116
-6.757643295220847
-7.2718050015364915
-7.966602502128351
-8.384685594732685
-8.083995469612738
-8.743453196322037
-8.02596257743989
-7.604259880659204
-7.190275320275805
-7.017803288244947
-7.091380866130788
-7.113007327273597
-7.247060987213484
-7.311619167604424
-7.29538570704448
-7.724415721312512
-8.372652654859593
-7.985032324802266
-7.640898566998538
-8.117410557535742
-8.763489364684608
-7.682667260410806
-7.9608434266164405
-9.12400726514167
-7.455653784457863
-7.054967529912466
-7.524309703790339
-7.821706393758746
-8.026261204031266
-7.843476482808275
-8.471876770726443
-7.404850923546786
-7.20514250165672
-7.1023371358685115
-7.694631673740939
-7.8423233941215065
-7.3104993707023525
-7.054064467785279
-7.289517820908063
-6.99629848108242
-7.068601658461147
-7.152607492767249
-7.201185328506793
-7.265739534447348
-7.308586154324808
-7.256610720372968
-7.674810476098352
-8.82835407987277
-7.575589702694244
-6.97504971539494
-6.961771620489206
-6.79501454554634
-6.837745057168772
-7.084482917668386
-7.359478316930857
-7.703833585474343
-7.051123554856138
-6.844086639473185
-7.025572152287978
-7.528481067194937
-7.668986266545669
-7.708263975936354
-7.297374368585528
-6.864629998951147
-6.845428395594658
-7.005408920344981
-7.4368429236711195
-7.452196997924363
-7.985116178724354
-8.199106175405277
-7.72909422596337
-7.601372722045928
-8.100961985871615
-8.471186900442424
-7.512629051204552
-7.407858275296741
-7.7082173351491
-7.74692238162071
-8.09695776423494
-9.383798771911854
-8.138087227708423
-7.827876975770997
-7.994025616659139
-7.661116855178481
-7.401362049442868
-7.260440613435756
-7.3321006959957185
-7.600146719845072
-7.4245958447768805
-7.230193618721273
-7.667049846964992
-7.784697415933092
-7.67784267158753
-7.526962209839479
-7.76068050606039
-8.057188493140293
-7.538155367788187
-7.479940583845629
-7.518651359777
-7.847779418829284
-8.08045895105413
-8.230910716122862
-8.163031887968224
-7.746189550853661
-7.34888489946293
-7.168452183141475
-7.313841323587619
-7.326125792110772
-7.254077685901586
-7.163275168038807
-7.062086636394568
-7.714318713922168
-8.55073829875682
-8.289188508447998
-7.520577277625619
-7.209838613662461
-7.9841886214981335
-8.743861030011079
-8.15753029401172
-9.15035889871227
-8.531387989519514
-8.049393376716793
-8.008344189885674
-8.159479620275773
-7.5190205295012476
-7.3717001093771986
-7.539828286803973
-7.8191257909928416
-7.385899211194269
-7.070247920911145
-7.36839564255265
-7.074103537265576
-6.691014178099956
-6.697894725296829
-7.038821745931911
-7.285018381051069
-7.031510257061978
-7.204356977159894
-7.8789756553985555
-7.5990379024953905
-7.319916913982882
-7.046157756318383
-7.184867054338377
-7.1842638034596105
-7.304633342428114
-7.424764572388295
-8.330386537201578
-7.125527669753866
-6.7782047076392296
-7.02383808585466
-7.733860469492353
-8.225078449809198
-7.554216555079416
-7.534070454313416
-8.06884260200375
-8.0870173993226
-8.518908265893895
-8.125723157864893
-7.171333158537155
-7.0285360029165265
-7.431399331029726
-7.876487844816674
-9.6890397826772
-7.442550974410923
-7.132768338018741
-7.403004618889899
-8.121451362022366
-8.12585494833345
-7.80901670582232
-7.601290346111559
-7.034541543920646
-6.644220225718019
-6.666450713802936
-6.776418997051742
-7.203324187601818
-7.887083786744534
-7.8445291707098885
-7.289961490185439
-6.899564908795539
-6.889876723899398
-6.946990914900913
-6.847774641718161
-6.747183566461429
-7.247019185887515
-7.3660494478633884
-7.962550380102322
-7.0087443610296365
-6.887916438598982
-7.374628624822521
-7.676829801061315
-8.55447197300287
-7.722191847590247
-7.035232039055754
-7.036683235165231
-7.3691411936535784
-7.450634391331966
-7.1209816624988385
-6.591785812872495
-6.475796286352306
-6.516171072488107
-6.714158765472924
-6.796173884988405
-6.818580452689334
-6.7833328257175
-6.766344914191817
-7.071513846395343
-7.1446592605076855
-7.813610338648674
-7.235061431556467
-6.720107229987172
-6.981284846114358
-8.531881935081053
-7.1829475556707445
-6.964917182223263
-7.12354979057063
-6.7346914092328625
-6.763120805481462
-7.411902250550819
-7.369802307156494
-7.261397800167994
-8.879230955481033
-7.648135745864745
-7.332081895555381
-7.519186043357697
-8.017913622439146
-7.139408901188938
-6.890567508895045
-6.901131988548253
-6.969983288461885
-7.048750781823593
-7.34235908931122
-7.573534494786261
-7.333003052138922
-6.957289132592397
-6.874256476938686
-6.967181685732847
-7.313640363075878
-8.817662544663202
-7.586215543603481
-7.2105230642295775
-6.958613325575787
-7.0884837983944164
-7.032593986443001
-6.946418166988165
-7.234664327612011
-7.6884043339718176
-7.482424679991072
-6.702749020692309
-6.410611119069159
-6.360918461324951
-6.612265591935416
-6.829388448649976
-7.124926528104657
-7.3855474556667735
-7.191675881363259
-6.987091649460349
-7.039796172403979
-7.047314484229603
-7.319180534052797
-7.466704846791122
-7.031533981713351
-6.8064415271706595
-7.595518424383764
-7.645003582529119
-7.150305393550362
-7.185898766477282
-6.872534077138197
-6.821946179906965
-6.868683583255651
-6.896428427046813
-6.962256361116246
-7.044560824380499
-6.95674782810425
-6.845304916411452
-7.222235388806688
-7.491309121012723
-7.476128711683458
-8.07300715419647
-7.3312943529014705
-6.680631076088857
-6.43525375530283
-6.408108614539247
-6.74170163142434
-7.489244345884516
-7.251200908280827
-7.686684217769305
-8.156427787503176
-7.21878026475496
-7.194867185675077
-7.423204722812999
-9.92942763382616
-6.854177625802376
-6.92018355053485
-6.859429011500972
-6.707435565197615
-6.880469413457146
-6.997877066079458
-7.340131574770638
-6.533074746990995
-6.665087521471675
-6.666999117000947
-6.592276713410095
-7.261807843696913
-7.535855263498322
-7.111195570840996
-7.185461446662732
-7.32935169200407
-7.745015761884584
-7.039193481232929
